0 1 21
1 2 82
2 0 97
3 0 46
3 1 41
3 2 88
4 0 60
4 1 49
4 2 85
4 3 86
5 0 47
5 1 78
5 2 25
5 3 27
5 4 90
6 0 1
6 1 87
6 2 24
6 3 41
6 4 55
6 5 30
7 0 0
7 1 78
7 2 65
7 3 61
7 4 34
7 5 6
7 6 31
8 0 58
8 1 87
8 2 67
8 3 0
8 4 70
8 5 94
8 6 35
8 7 12
9 0 92
9 1 95
9 2 5
9 3 40
9 4 65
9 5 92
9 6 58
9 7 74
9 8 15
10 0 97
10 1 7
10 2 35
10 3 87
10 4 77
10 5 52
10 6 74
10 7 17
10 8 63
10 9 29
11 0 29
11 1 9
11 2 62
11 3 49
11 4 94
11 5 9
11 6 58
11 7 25
11 8 66
11 9 56
11 10 72
12 0 27
12 1 57
12 2 82
12 3 18
12 4 5
12 5 34
12 6 46
12 7 54
12 8 96
12 9 10
12 10 78
12 11 32
13 0 81
13 1 80
13 2 39
13 3 97
13 4 9
13 5 45
13 6 68
13 7 96
13 8 86
13 9 78
13 10 91
13 11 33
13 12 68
14 0 19
14 1 41
14 2 1
14 3 6
14 4 5
14 5 50
14 6 3
14 7 95
14 8 82
14 9 64
14 10 89
14 11 49
14 12 75
14 13 36
15 0 19
15 1 90
15 2 37
15 3 60
15 4 80
15 5 48
15 6 35
15 7 97
15 8 61
15 9 3
15 10 76
15 11 7
15 12 51
15 13 68
15 14 19
16 0 27
16 1 73
16 2 88
16 3 83
16 4 70
16 5 33
16 6 76
16 7 11
16 8 96
16 9 63
16 10 15
16 11 82
16 12 8
16 13 38
16 14 75
16 15 70
17 0 28
17 1 18
17 2 54
17 3 74
17 4 19
17 5 46
17 6 20
17 7 17
17 8 12
17 9 84
17 10 64
17 11 5
17 12 21
17 13 19
17 14 74
17 15 73
17 16 50
18 0 67
18 1 54
18 2 47
18 3 74
18 4 98
18 5 63
18 6 29
18 7 71
18 8 72
18 9 90
18 10 76
18 11 97
18 12 24
18 13 39
18 14 52
18 15 64
18 16 74
18 17 58
19 0 98
19 1 36
19 2 87
19 3 63
19 4 80
19 5 3
19 6 89
19 7 37
19 8 48
19 9 76
19 10 68
19 11 64
19 12 53
19 13 79
19 14 88
19 15 12
19 16 56
19 17 21
19 18 65
20 0 41
20 1 82
20 2 56
20 3 78
20 4 33
20 5 68
20 6 67
20 7 97
20 8 6
20 9 61
20 10 12
20 11 43
20 12 26
20 13 57
20 14 53
20 15 21
20 16 91
20 17 57
20 18 40
20 19 98
21 0 87
21 1 66
21 2 65
21 3 23
21 4 67
21 5 56
21 6 12
21 7 40
21 8 18
21 9 68
21 10 19
21 11 65
21 12 49
21 13 30
21 14 41
21 15 62
21 16 90
21 17 26
21 18 58
21 19 81
21 20 76
22 0 58
22 1 81
22 2 74
22 3 58
22 4 6
22 5 36
22 6 75
22 7 98
22 8 29
22 9 64
22 10 57
22 11 27
22 12 65
22 13 71
22 14 62
22 15 13
22 16 93
22 17 51
22 18 41
22 19 76
22 20 5
22 21 87
23 0 37
23 1 25
23 2 46
23 3 52
23 4 69
23 5 82
23 6 96
23 7 95
23 8 83
23 9 24
23 10 62
23 11 53
23 12 0
23 13 77
23 14 79
23 15 59
23 16 46
23 17 8
23 18 12
23 19 27
23 20 76
23 21 72
23 22 11
24 0 61
24 1 31
24 2 88
24 3 31
24 4 45
24 5 17
24 6 1
24 7 31
24 8 57
24 9 9
24 10 69
24 11 23
24 12 6
24 13 62
24 14 64
24 15 30
24 16 93
24 17 32
24 18 71
24 19 11
24 20 37
24 21 50
24 22 5
24 23 68
25 0 17
25 1 95
25 2 47
25 3 81
25 4 52
25 5 94
25 6 20
25 7 80
25 8 6
25 9 2
25 10 22
25 11 72
25 12 64
25 13 31
25 14 95
25 15 50
25 16 96
25 17 1
25 18 36
25 19 0
25 20 85
25 21 11
25 22 26
25 23 44
25 24 89
26 0 30
26 1 77
26 2 44
26 3 61
26 4 82
26 5 59
26 6 46
26 7 64
26 8 60
26 9 49
26 10 9
26 11 30
26 12 83
26 13 54
26 14 27
26 15 24
26 16 34
26 17 90
26 18 49
26 19 92
26 20 30
26 21 67
26 22 35
26 23 60
26 24 55
26 25 45
27 0 25
27 1 37
27 2 90
27 3 2
27 4 3
27 5 97
27 6 45
27 7 66
27 8 18
27 9 73
27 10 53
27 11 71
27 12 1
27 13 72
27 14 96
27 15 78
27 16 32
27 17 28
27 18 57
27 19 71
27 20 79
27 21 45
27 22 77
27 23 44
27 24 48
27 25 50
27 26 24
28 0 63
28 1 81
28 2 62
28 3 84
28 4 18
28 5 23
28 6 11
28 7 14
28 8 16
28 9 30
28 10 90
28 11 17
28 12 63
28 13 39
28 14 78
28 15 99
28 16 41
28 17 4
28 18 21
28 19 44
28 20 82
28 21 46
28 22 35
28 23 19
28 24 38
28 25 60
28 26 10
28 27 94
29 0 78
29 1 63
29 2 45
29 3 83
29 4 29
29 5 80
29 6 75
29 7 53
29 8 45
29 9 13
29 10 2
29 11 95
29 12 47
29 13 34
29 14 2
29 15 89
29 16 70
29 17 26
29 18 0
29 19 53
29 20 6
29 21 92
29 22 10
29 23 22
29 24 65
29 25 21
29 26 21
29 27 35
29 28 68
30 0 32
30 1 80
30 2 3
30 3 0
30 4 60
30 5 34
30 6 61
30 7 91
30 8 22
30 9 56
30 10 84
30 11 74
30 12 29
30 13 29
30 14 22
30 15 19
30 16 73
30 17 61
30 18 74
30 19 56
30 20 96
30 21 57
30 22 82
30 23 37
30 24 89
30 25 91
30 26 35
30 27 93
30 28 46
30 29 34
31 0 18
31 1 27
31 2 67
31 3 89
31 4 54
31 5 45
31 6 82
31 7 27
31 8 51
31 9 74
31 10 22
31 11 97
31 12 79
31 13 17
31 14 78
31 15 43
31 16 66
31 17 21
31 18 33
31 19 46
31 20 32
31 21 80
31 22 75
31 23 79
31 24 46
31 25 68
31 26 41
31 27 36
31 28 22
31 29 14
31 30 90
32 0 8
32 1 56
32 2 61
32 3 45
32 4 4
32 5 22
32 6 7
32 7 74
32 8 6
32 9 55
32 10 29
32 11 75
32 12 93
32 13 78
32 14 96
32 15 20
32 16 50
32 17 15
32 18 46
32 19 41
32 20 63
32 21 85
32 22 34
32 23 35
32 24 37
32 25 89
32 26 35
32 27 83
32 28 18
32 29 20
32 30 13
32 31 5
33 0 7
33 1 51
33 2 51
33 3 69
33 4 24
33 5 32
33 6 95
33 7 25
33 8 70
33 9 87
33 10 98
33 11 26
33 12 49
33 13 37
33 14 6
33 15 73
33 16 62
33 17 28
33 18 56
33 19 91
33 20 56
33 21 48
33 22 14
33 23 53
33 24 1
33 25 53
33 26 54
33 27 25
33 28 28
33 29 51
33 30 89
33 31 33
33 32 89
34 0 89
34 1 92
34 2 17
34 3 95
34 4 5
34 5 13
34 6 46
34 7 6
34 8 97
34 9 96
34 10 78
34 11 0
34 12 27
34 13 97
34 14 40
34 15 80
34 16 16
34 17 79
34 18 8
34 19 34
34 20 91
34 21 11
34 22 98
34 23 25
34 24 8
34 25 19
34 26 68
34 27 8
34 28 44
34 29 50
34 30 53
34 31 96
34 32 34
34 33 94
35 0 5
35 1 52
35 2 29
35 3 71
35 4 68
35 5 89
35 6 22
35 7 25
35 8 16
35 9 61
35 10 67
35 11 93
35 12 69
35 13 92
35 14 49
35 15 19
35 16 27
35 17 27
35 18 20
35 19 37
35 20 45
35 21 57
35 22 26
35 23 24
35 24 42
35 25 14
35 26 71
35 27 46
35 28 50
35 29 68
35 30 44
35 31 18
35 32 91
35 33 90
35 34 59
36 0 17
36 1 66
36 2 98
36 3 60
36 4 6
36 5 59
36 6 3
36 7 73
36 8 30
36 9 27
36 10 99
36 11 90
36 12 3
36 13 4
36 14 67
36 15 91
36 16 62
36 17 5
36 18 71
36 19 57
36 20 8
36 21 74
36 22 5
36 23 14
36 24 13
36 25 1
36 26 84
36 27 23
36 28 23
36 29 85
36 30 56
36 31 35
36 32 88
36 33 5
36 34 65
36 35 71
37 0 43
37 1 35
37 2 49
37 3 42
37 4 17
37 5 9
37 6 75
37 7 44
37 8 42
37 9 46
37 10 95
37 11 42
37 12 90
37 13 91
37 14 26
37 15 50
37 16 32
37 17 71
37 18 51
37 19 56
37 20 55
37 21 0
37 22 28
37 23 79
37 24 46
37 25 5
37 26 66
37 27 30
37 28 2
37 29 17
37 30 47
37 31 1
37 32 2
37 33 85
37 34 2
37 35 47
37 36 26
38 0 67
38 1 35
38 2 50
38 3 29
38 4 70
38 5 89
38 6 50
38 7 50
38 8 2
38 9 50
38 10 88
38 11 74
38 12 39
38 13 74
38 14 97
38 15 41
38 16 95
38 17 75
38 18 25
38 19 12
38 20 41
38 21 50
38 22 24
38 23 55
38 24 97
38 25 21
38 26 34
38 27 27
38 28 89
38 29 90
38 30 75
38 31 5
38 32 62
38 33 45
38 34 76
38 35 49
38 36 88
38 37 21
39 0 20
39 1 18
39 2 36
39 3 47
39 4 49
39 5 53
39 6 20
39 7 4
39 8 94
39 9 32
39 10 57
39 11 12
39 12 98
39 13 56
39 14 51
39 15 17
39 16 0
39 17 61
39 18 27
39 19 3
39 20 64
39 21 75
39 22 18
39 23 45
39 24 70
39 25 16
39 26 48
39 27 45
39 28 59
39 29 27
39 30 10
39 31 38
39 32 94
39 33 58
39 34 22
39 35 35
39 36 94
39 37 76
39 38 56
40 0 74
40 1 29
40 2 32
40 3 71
40 4 71
40 5 99
40 6 80
40 7 83
40 8 52
40 9 64
40 10 6
40 11 25
40 12 99
40 13 99
40 14 73
40 15 9
40 16 1
40 17 21
40 18 99
40 19 72
40 20 3
40 21 58
40 22 86
40 23 84
40 24 65
40 25 82
40 26 96
40 27 84
40 28 99
40 29 83
40 30 10
40 31 81
40 32 23
40 33 94
40 34 65
40 35 57
40 36 0
40 37 63
40 38 30
40 39 20
41 0 31
41 1 97
41 2 28
41 3 19
41 4 72
41 5 84
41 6 3
41 7 69
41 8 14
41 9 58
41 10 61
41 11 9
41 12 93
41 13 34
41 14 49
41 15 46
41 16 41
41 17 24
41 18 13
41 19 29
41 20 79
41 21 7
41 22 84
41 23 31
41 24 39
41 25 14
41 26 73
41 27 8
41 28 49
41 29 54
41 30 6
41 31 50
41 32 65
41 33 19
41 34 28
41 35 44
41 36 41
41 37 48
41 38 17
41 39 99
41 40 19
42 0 82
42 1 86
42 2 14
42 3 96
42 4 59
42 5 47
42 6 9
42 7 67
42 8 73
42 9 62
42 10 53
42 11 78
42 12 56
42 13 6
42 14 86
42 15 20
42 16 83
42 17 44
42 18 59
42 19 87
42 20 86
42 21 83
42 22 62
42 23 69
42 24 94
42 25 1
42 26 68
42 27 99
42 28 88
42 29 68
42 30 47
42 31 97
42 32 21
42 33 80
42 34 0
42 35 29
42 36 47
42 37 63
42 38 67
42 39 94
42 40 8
42 41 16
43 0 79
43 1 93
43 2 4
43 3 13
43 4 32
43 5 56
43 6 30
43 7 64
43 8 79
43 9 41
43 10 61
43 11 70
43 12 66
43 13 54
43 14 48
43 15 91
43 16 37
43 17 64
43 18 57
43 19 72
43 20 87
43 21 78
43 22 6
43 23 25
43 24 46
43 25 94
43 26 7
43 27 2
43 28 33
43 29 22
43 30 64
43 31 39
43 32 22
43 33 76
43 34 19
43 35 45
43 36 54
43 37 50
43 38 12
43 39 88
43 40 90
43 41 62
43 42 42
44 0 87
44 1 38
44 2 45
44 3 16
44 4 75
44 5 52
44 6 44
44 7 0
44 8 93
44 9 17
44 10 66
44 11 73
44 12 78
44 13 27
44 14 62
44 15 30
44 16 76
44 17 89
44 18 37
44 19 93
44 20 73
44 21 69
44 22 20
44 23 8
44 24 44
44 25 46
44 26 43
44 27 29
44 28 48
44 29 6
44 30 12
44 31 46
44 32 70
44 33 90
44 34 24
44 35 14
44 36 71
44 37 66
44 38 40
44 39 99
44 40 52
44 41 87
44 42 87
44 43 93
45 0 75
45 1 66
45 2 68
45 3 90
45 4 27
45 5 76
45 6 62
45 7 51
45 8 67
45 9 93
45 10 62
45 11 71
45 12 70
45 13 51
45 14 87
45 15 62
45 16 72
45 17 5
45 18 84
45 19 65
45 20 1
45 21 67
45 22 0
45 23 37
45 24 67
45 25 6
45 26 61
45 27 47
45 28 65
45 29 50
45 30 62
45 31 27
45 32 75
45 33 14
45 34 45
45 35 78
45 36 65
45 37 99
45 38 37
45 39 3
45 40 16
45 41 90
45 42 20
45 43 95
45 44 57
46 0 28
46 1 24
46 2 43
46 3 41
46 4 14
46 5 36
46 6 4
46 7 59
46 8 69
46 9 0
46 10 82
46 11 83
46 12 26
46 13 74
46 14 50
46 15 1
46 16 41
46 17 8
46 18 99
46 19 22
46 20 57
46 21 71
46 22 59
46 23 33
46 24 61
46 25 29
46 26 61
46 27 33
46 28 38
46 29 53
46 30 63
46 31 82
46 32 37
46 33 3
46 34 42
46 35 58
46 36 35
46 37 61
46 38 55
46 39 2
46 40 90
46 41 86
46 42 91
46 43 48
46 44 75
46 45 75
47 0 53
47 1 67
47 2 76
47 3 63
47 4 5
47 5 33
47 6 46
47 7 50
47 8 52
47 9 2
47 10 18
47 11 59
47 12 42
47 13 40
47 14 83
47 15 42
47 16 93
47 17 60
47 18 57
47 19 13
47 20 86
47 21 56
47 22 80
47 23 76
47 24 91
47 25 68
47 26 95
47 27 1
47 28 27
47 29 9
47 30 0
47 31 82
47 32 90
47 33 19
47 34 81
47 35 34
47 36 37
47 37 11
47 38 50
47 39 13
47 40 36
47 41 88
47 42 66
47 43 59
47 44 54
47 45 92
47 46 52
48 0 99
48 1 2
48 2 73
48 3 23
48 4 47
48 5 96
48 6 20
48 7 44
48 8 33
48 9 82
48 10 6
48 11 11
48 12 37
48 13 67
48 14 64
48 15 67
48 16 62
48 17 54
48 18 0
48 19 41
48 20 71
48 21 37
48 22 84
48 23 33
48 24 45
48 25 82
48 26 89
48 27 46
48 28 52
48 29 3
48 30 22
48 31 87
48 32 4
48 33 88
48 34 11
48 35 90
48 36 87
48 37 57
48 38 37
48 39 91
48 40 62
48 41 38
48 42 33
48 43 53
48 44 24
48 45 31
48 46 21
48 47 9
49 0 70
49 1 5
49 2 94
49 3 78
49 4 68
49 5 79
49 6 69
49 7 68
49 8 40
49 9 10
49 10 54
49 11 79
49 12 56
49 13 27
49 14 4
49 15 9
49 16 59
49 17 51
49 18 52
49 19 23
49 20 20
49 21 4
49 22 74
49 23 79
49 24 39
49 25 84
49 26 6
49 27 61
49 28 52
49 29 19
49 30 74
49 31 4
49 32 25
49 33 91
49 34 18
49 35 54
49 36 86
49 37 67
49 38 60
49 39 55
49 40 74
49 41 68
49 42 77
49 43 21
49 44 20
49 45 62
49 46 57
49 47 0
49 48 74
50 0 24
50 1 54
50 2 12
50 3 67
50 4 43
50 5 80
50 6 95
50 7 70
50 8 46
50 9 30
50 10 79
50 11 15
50 12 93
50 13 16
50 14 68
50 15 7
50 16 96
50 17 27
50 18 96
50 19 1
50 20 65
50 21 38
50 22 85
50 23 12
50 24 44
50 25 9
50 26 48
50 27 72
50 28 16
50 29 55
50 30 15
50 31 76
50 32 39
50 33 77
50 34 8
50 35 55
50 36 86
50 37 7
50 38 26
50 39 8
50 40 75
50 41 88
50 42 44
50 43 73
50 44 65
50 45 68
50 46 81
50 47 75
50 48 19
50 49 52
51 0 46
51 1 83
51 2 52
51 3 17
51 4 17
51 5 34
51 6 88
51 7 1
51 8 66
51 9 5
51 10 89
51 11 81
51 12 22
51 13 43
51 14 11
51 15 38
51 16 91
51 17 95
51 18 22
51 19 67
51 20 52
51 21 97
51 22 90
51 23 95
51 24 9
51 25 53
51 26 26
51 27 39
51 28 36
51 29 12
51 30 72
51 31 61
51 32 43
51 33 90
51 34 98
51 35 0
51 36 79
51 37 84
51 38 79
51 39 74
51 40 39
51 41 83
51 42 99
51 43 88
51 44 59
51 45 60
51 46 55
51 47 77
51 48 56
51 49 98
51 50 4
52 0 2
52 1 61
52 2 28
52 3 47
52 4 72
52 5 91
52 6 61
52 7 91
52 8 3
52 9 12
52 10 4
52 11 7
52 12 40
52 13 19
52 14 94
52 15 69
52 16 70
52 17 4
52 18 53
52 19 97
52 20 5
52 21 49
52 22 65
52 23 48
52 24 2
52 25 19
52 26 7
52 27 21
52 28 57
52 29 30
52 30 12
52 31 67
52 32 91
52 33 92
52 34 41
52 35 29
52 36 58
52 37 36
52 38 28
52 39 66
52 40 13
52 41 72
52 42 26
52 43 64
52 44 10
52 45 28
52 46 33
52 47 54
52 48 4
52 49 80
52 50 78
52 51 36
53 0 48
53 1 82
53 2 70
53 3 0
53 4 32
53 5 67
53 6 63
53 7 58
53 8 85
53 9 9
53 10 81
53 11 67
53 12 70
53 13 3
53 14 28
53 15 71
53 16 30
53 17 18
53 18 75
53 19 54
53 20 26
53 21 88
53 22 70
53 23 45
53 24 54
53 25 0
53 26 82
53 27 19
53 28 13
53 29 34
53 30 71
53 31 31
53 32 72
53 33 32
53 34 49
53 35 98
53 36 26
53 37 68
53 38 44
53 39 99
53 40 65
53 41 23
53 42 36
53 43 49
53 44 86
53 45 63
53 46 81
53 47 0
53 48 67
53 49 59
53 50 13
53 51 69
53 52 67
54 0 87
54 1 89
54 2 20
54 3 86
54 4 13
54 5 54
54 6 83
54 7 0
54 8 31
54 9 68
54 10 18
54 11 30
54 12 34
54 13 95
54 14 92
54 15 29
54 16 55
54 17 59
54 18 77
54 19 64
54 20 25
54 21 3
54 22 34
54 23 73
54 24 69
54 25 53
54 26 4
54 27 20
54 28 73
54 29 51
54 30 88
54 31 6
54 32 28
54 33 69
54 34 43
54 35 29
54 36 97
54 37 23
54 38 24
54 39 53
54 40 9
54 41 13
54 42 11
54 43 49
54 44 23
54 45 75
54 46 2
54 47 87
54 48 11
54 49 93
54 50 61
54 51 14
54 52 4
54 53 42
55 0 39
55 1 53
55 2 89
55 3 52
55 4 28
55 5 21
55 6 38
55 7 49
55 8 19
55 9 67
55 10 97
55 11 23
55 12 12
55 13 29
55 14 62
55 15 74
55 16 7
55 17 59
55 18 32
55 19 53
55 20 13
55 21 49
55 22 20
55 23 82
55 24 0
55 25 61
55 26 83
55 27 19
55 28 17
55 29 35
55 30 28
55 31 8
55 32 15
55 33 59
55 34 27
55 35 49
55 36 88
55 37 10
55 38 92
55 39 79
55 40 2
55 41 59
55 42 33
55 43 16
55 44 36
55 45 89
55 46 48
55 47 79
55 48 37
55 49 37
55 50 70
55 51 71
55 52 45
55 53 79
55 54 34
56 0 15
56 1 22
56 2 74
56 3 14
56 4 29
56 5 99
56 6 79
56 7 3
56 8 38
56 9 13
56 10 90
56 11 18
56 12 25
56 13 23
56 14 92
56 15 50
56 16 22
56 17 28
56 18 36
56 19 76
56 20 8
56 21 39
56 22 30
56 23 2
56 24 94
56 25 34
56 26 8
56 27 1
56 28 36
56 29 2
56 30 92
56 31 98
56 32 89
56 33 3
56 34 80
56 35 8
56 36 94
56 37 58
56 38 7
56 39 67
56 40 63
56 41 75
56 42 84
56 43 45
56 44 32
56 45 56
56 46 11
56 47 53
56 48 82
56 49 87
56 50 77
56 51 39
56 52 25
56 53 86
56 54 78
56 55 78
57 0 83
57 1 41
57 2 79
57 3 48
57 4 82
57 5 33
57 6 27
57 7 29
57 8 62
57 9 31
57 10 59
57 11 14
57 12 46
57 13 82
57 14 84
57 15 99
57 16 44
57 17 52
57 18 19
57 19 79
57 20 84
57 21 91
57 22 58
57 23 36
57 24 35
57 25 41
57 26 92
57 27 10
57 28 59
57 29 29
57 30 68
57 31 67
57 32 71
57 33 49
57 34 56
57 35 24
57 36 7
57 37 54
57 38 33
57 39 5
57 40 93
57 41 39
57 42 37
57 43 36
57 44 88
57 45 60
57 46 4
57 47 64
57 48 34
57 49 40
57 50 42
57 51 50
57 52 72
57 53 33
57 54 99
57 55 27
57 56 92
58 0 18
58 1 58
58 2 70
58 3 83
58 4 87
58 5 87
58 6 47
58 7 12
58 8 53
58 9 86
58 10 21
58 11 4
58 12 69
58 13 7
58 14 79
58 15 19
58 16 9
58 17 27
58 18 74
58 19 29
58 20 64
58 21 33
58 22 71
58 23 68
58 24 49
58 25 16
58 26 34
58 27 5
58 28 30
58 29 29
58 30 61
58 31 95
58 32 38
58 33 70
58 34 49
58 35 4
58 36 42
58 37 29
58 38 59
58 39 95
58 40 27
58 41 18
58 42 7
58 43 13
58 44 36
58 45 60
58 46 9
58 47 65
58 48 8
58 49 5
58 50 76
58 51 39
58 52 67
58 53 90
58 54 68
58 55 69
58 56 94
58 57 96
59 0 78
59 1 73
59 2 42
59 3 50
59 4 32
59 5 32
59 6 57
59 7 31
59 8 91
59 9 29
59 10 67
59 11 82
59 12 9
59 13 65
59 14 29
59 15 92
59 16 63
59 17 96
59 18 42
59 19 12
59 20 17
59 21 71
59 22 49
59 23 1
59 24 36
59 25 38
59 26 80
59 27 37
59 28 53
59 29 90
59 30 9
59 31 35
59 32 32
59 33 36
59 34 35
59 35 75
59 36 61
59 37 84
59 38 39
59 39 51
59 40 60
59 41 64
59 42 75
59 43 39
59 44 96
59 45 72
59 46 29
59 47 52
59 48 31
59 49 42
59 50 13
59 51 5
59 52 70
59 53 48
59 54 73
59 55 15
59 56 93
59 57 98
59 58 11
60 0 5
60 1 12
60 2 71
60 3 88
60 4 2
60 5 26
60 6 42
60 7 3
60 8 61
60 9 88
60 10 91
60 11 56
60 12 86
60 13 60
60 14 35
60 15 92
60 16 31
60 17 61
60 18 45
60 19 64
60 20 82
60 21 99
60 22 94
60 23 43
60 24 44
60 25 90
60 26 62
60 27 61
60 28 71
60 29 76
60 30 84
60 31 57
60 32 41
60 33 87
60 34 32
60 35 54
60 36 41
60 37 58
60 38 68
60 39 5
60 40 57
60 41 0
60 42 43
60 43 5
60 44 91
60 45 83
60 46 32
60 47 62
60 48 91
60 49 68
60 50 95
60 51 12
60 52 76
60 53 4
60 54 1
60 55 51
60 56 68
60 57 85
60 58 36
60 59 65
61 0 77
61 1 60
61 2 5
61 3 12
61 4 84
61 5 62
61 6 79
61 7 42
61 8 40
61 9 10
61 10 79
61 11 41
61 12 86
61 13 67
61 14 2
61 15 61
61 16 4
61 17 83
61 18 82
61 19 68
61 20 36
61 21 99
61 22 33
61 23 98
61 24 19
61 25 59
61 26 93
61 27 65
61 28 36
61 29 9
61 30 79
61 31 73
61 32 26
61 33 55
61 34 5
61 35 10
61 36 56
61 37 76
61 38 44
61 39 25
61 40 35
61 41 92
61 42 22
61 43 40
61 44 50
61 45 21
61 46 43
61 47 42
61 48 51
61 49 79
61 50 46
61 51 82
61 52 76
61 53 89
61 54 27
61 55 23
61 56 6
61 57 14
61 58 89
61 59 23
61 60 50
62 0 43
62 1 49
62 2 87
62 3 12
62 4 14
62 5 67
62 6 82
62 7 91
62 8 69
62 9 45
62 10 46
62 11 38
62 12 11
62 13 44
62 14 85
62 15 57
62 16 46
62 17 22
62 18 12
62 19 80
62 20 69
62 21 38
62 22 42
62 23 54
62 24 69
62 25 70
62 26 16
62 27 77
62 28 29
62 29 21
62 30 9
62 31 88
62 32 6
62 33 25
62 34 36
62 35 76
62 36 72
62 37 48
62 38 49
62 39 80
62 40 37
62 41 75
62 42 87
62 43 84
62 44 59
62 45 23
62 46 50
62 47 76
62 48 2
62 49 70
62 50 2
62 51 20
62 52 88
62 53 73
62 54 54
62 55 4
62 56 49
62 57 80
62 58 12
62 59 80
62 60 83
62 61 83
63 0 8
63 1 78
63 2 83
63 3 18
63 4 13
63 5 78
63 6 6
63 7 38
63 8 30
63 9 45
63 10 28
63 11 12
63 12 62
63 13 7
63 14 34
63 15 43
63 16 73
63 17 15
63 18 65
63 19 11
63 20 53
63 21 57
63 22 76
63 23 37
63 24 12
63 25 34
63 26 18
63 27 30
63 28 55
63 29 63
63 30 5
63 31 18
63 32 85
63 33 87
63 34 88
63 35 99
63 36 27
63 37 86
63 38 19
63 39 44
63 40 83
63 41 35
63 42 53
63 43 58
63 44 29
63 45 46
63 46 81
63 47 77
63 48 51
63 49 27
63 50 5
63 51 1
63 52 91
63 53 48
63 54 79
63 55 83
63 56 51
63 57 39
63 58 70
63 59 89
63 60 28
63 61 83
63 62 22
64 0 9
64 1 95
64 2 35
64 3 41
64 4 56
64 5 96
64 6 1
64 7 55
64 8 96
64 9 65
64 10 50
64 11 26
64 12 95
64 13 33
64 14 64
64 15 58
64 16 4
64 17 56
64 18 38
64 19 74
64 20 5
64 21 26
64 22 48
64 23 72
64 24 56
64 25 23
64 26 37
64 27 55
64 28 3
64 29 4
64 30 50
64 31 47
64 32 17
64 33 14
64 34 41
64 35 84
64 36 73
64 37 50
64 38 98
64 39 32
64 40 86
64 41 21
64 42 89
64 43 28
64 44 81
64 45 70
64 46 3
64 47 33
64 48 51
64 49 78
64 50 0
64 51 32
64 52 80
64 53 68
64 54 71
64 55 6
64 56 31
64 57 94
64 58 26
64 59 57
64 60 92
64 61 26
64 62 82
64 63 78
65 0 24
65 1 91
65 2 86
65 3 6
65 4 39
65 5 70
65 6 0
65 7 3
65 8 21
65 9 96
65 10 20
65 11 96
65 12 55
65 13 80
65 14 59
65 15 93
65 16 54
65 17 98
65 18 71
65 19 90
65 20 0
65 21 82
65 22 70
65 23 84
65 24 93
65 25 72
65 26 71
65 27 95
65 28 73
65 29 8
65 30 3
65 31 31
65 32 19
65 33 35
65 34 6
65 35 6
65 36 73
65 37 42
65 38 65
65 39 45
65 40 10
65 41 73
65 42 84
65 43 39
65 44 73
65 45 60
65 46 84
65 47 95
65 48 50
65 49 79
65 50 20
65 51 79
65 52 96
65 53 50
65 54 43
65 55 57
65 56 29
65 57 58
65 58 15
65 59 50
65 60 10
65 61 67
65 62 49
65 63 94
65 64 93
66 0 17
66 1 8
66 2 73
66 3 85
66 4 48
66 5 16
66 6 67
66 7 73
66 8 38
66 9 10
66 10 73
66 11 77
66 12 8
66 13 9
66 14 26
66 15 95
66 16 83
66 17 52
66 18 49
66 19 26
66 20 79
66 21 69
66 22 51
66 23 49
66 24 15
66 25 13
66 26 17
66 27 90
66 28 73
66 29 9
66 30 5
66 31 72
66 32 5
66 33 13
66 34 97
66 35 54
66 36 72
66 37 76
66 38 45
66 39 72
66 40 60
66 41 69
66 42 90
66 43 75
66 44 85
66 45 98
66 46 3
66 47 97
66 48 21
66 49 67
66 50 86
66 51 66
66 52 14
66 53 60
66 54 11
66 55 32
66 56 77
66 57 93
66 58 81
66 59 22
66 60 26
66 61 89
66 62 58
66 63 66
66 64 16
66 65 18
67 0 96
67 1 32
67 2 35
67 3 43
67 4 88
67 5 72
67 6 14
67 7 43
67 8 43
67 9 54
67 10 9
67 11 21
67 12 82
67 13 88
67 14 15
67 15 38
67 16 59
67 17 29
67 18 89
67 19 47
67 20 79
67 21 0
67 22 66
67 23 42
67 24 18
67 25 57
67 26 64
67 27 0
67 28 35
67 29 49
67 30 2
67 31 95
67 32 83
67 33 79
67 34 51
67 35 83
67 36 21
67 37 23
67 38 10
67 39 23
67 40 63
67 41 21
67 42 69
67 43 57
67 44 6
67 45 9
67 46 97
67 47 11
67 48 92
67 49 9
67 50 99
67 51 88
67 52 90
67 53 10
67 54 46
67 55 13
67 56 23
67 57 45
67 58 89
67 59 72
67 60 57
67 61 60
67 62 54
67 63 0
67 64 40
67 65 13
67 66 20
68 0 51
68 1 93
68 2 72
68 3 61
68 4 36
68 5 98
68 6 59
68 7 66
68 8 21
68 9 71
68 10 27
68 11 23
68 12 38
68 13 54
68 14 46
68 15 97
68 16 94
68 17 94
68 18 80
68 19 99
68 20 64
68 21 62
68 22 2
68 23 16
68 24 90
68 25 67
68 26 29
68 27 32
68 28 18
68 29 32
68 30 98
68 31 28
68 32 33
68 33 20
68 34 92
68 35 66
68 36 86
68 37 75
68 38 18
68 39 77
68 40 10
68 41 17
68 42 75
68 43 23
68 44 31
68 45 86
68 46 23
68 47 14
68 48 95
68 49 10
68 50 29
68 51 23
68 52 17
68 53 47
68 54 13
68 55 60
68 56 58
68 57 32
68 58 32
68 59 24
68 60 32
68 61 37
68 62 40
68 63 88
68 64 19
68 65 40
68 66 45
68 67 26
69 0 32
69 1 91
69 2 25
69 3 52
69 4 83
69 5 46
69 6 17
69 7 64
69 8 39
69 9 44
69 10 81
69 11 9
69 12 13
69 13 93
69 14 55
69 15 56
69 16 43
69 17 37
69 18 56
69 19 30
69 20 92
69 21 74
69 22 68
69 23 25
69 24 9
69 25 3
69 26 26
69 27 96
69 28 93
69 29 2
69 30 61
69 31 84
69 32 85
69 33 27
69 34 21
69 35 20
69 36 64
69 37 65
69 38 37
69 39 46
69 40 52
69 41 66
69 42 66
69 43 36
69 44 76
69 45 37
69 46 27
69 47 32
69 48 70
69 49 70
69 50 52
69 51 63
69 52 27
69 53 26
69 54 61
69 55 48
69 56 19
69 57 34
69 58 74
69 59 18
69 60 59
69 61 75
69 62 53
69 63 79
69 64 28
69 65 87
69 66 23
69 67 38
69 68 59
70 0 52
70 1 55
70 2 24
70 3 32
70 4 73
70 5 92
70 6 49
70 7 48
70 8 98
70 9 6
70 10 48
70 11 24
70 12 7
70 13 36
70 14 78
70 15 57
70 16 11
70 17 86
70 18 47
70 19 80
70 20 97
70 21 19
70 22 97
70 23 79
70 24 87
70 25 44
70 26 42
70 27 66
70 28 60
70 29 12
70 30 53
70 31 19
70 32 50
70 33 66
70 34 45
70 35 65
70 36 85
70 37 36
70 38 15
70 39 84
70 40 40
70 41 94
70 42 70
70 43 83
70 44 15
70 45 60
70 46 48
70 47 3
70 48 46
70 49 24
70 50 83
70 51 17
70 52 53
70 53 12
70 54 89
70 55 48
70 56 83
70 57 31
70 58 6
70 59 98
70 60 14
70 61 43
70 62 94
70 63 3
70 64 81
70 65 5
70 66 24
70 67 43
70 68 68
70 69 58
71 0 69
71 1 15
71 2 11
71 3 3
71 4 55
71 5 67
71 6 63
71 7 17
71 8 9
71 9 94
71 10 70
71 11 38
71 12 96
71 13 61
71 14 17
71 15 56
71 16 23
71 17 84
71 18 15
71 19 65
71 20 41
71 21 17
71 22 6
71 23 81
71 24 86
71 25 92
71 26 94
71 27 38
71 28 32
71 29 63
71 30 7
71 31 42
71 32 78
71 33 53
71 34 41
71 35 51
71 36 4
71 37 46
71 38 56
71 39 88
71 40 87
71 41 88
71 42 5
71 43 76
71 44 20
71 45 60
71 46 39
71 47 59
71 48 82
71 49 52
71 50 45
71 51 62
71 52 20
71 53 28
71 54 22
71 55 67
71 56 92
71 57 2
71 58 27
71 59 77
71 60 21
71 61 60
71 62 96
71 63 64
71 64 46
71 65 26
71 66 66
71 67 86
71 68 33
71 69 74
71 70 80
72 0 16
72 1 50
72 2 3
72 3 29
72 4 97
72 5 7
72 6 25
72 7 13
72 8 14
72 9 18
72 10 6
72 11 93
72 12 35
72 13 6
72 14 0
72 15 43
72 16 0
72 17 80
72 18 47
72 19 0
72 20 18
72 21 61
72 22 62
72 23 63
72 24 89
72 25 30
72 26 31
72 27 73
72 28 26
72 29 79
72 30 52
72 31 80
72 32 11
72 33 86
72 34 87
72 35 85
72 36 25
72 37 90
72 38 93
72 39 13
72 40 7
72 41 81
72 42 59
72 43 87
72 44 56
72 45 61
72 46 37
72 47 31
72 48 51
72 49 11
72 50 4
72 51 35
72 52 6
72 53 13
72 54 63
72 55 12
72 56 80
72 57 90
72 58 21
72 59 79
72 60 39
72 61 17
72 62 12
72 63 66
72 64 66
72 65 7
72 66 1
72 67 9
72 68 27
72 69 58
72 70 19
72 71 43
73 0 46
73 1 83
73 2 78
73 3 55
73 4 35
73 5 90
73 6 76
73 7 47
73 8 1
73 9 55
73 10 22
73 11 95
73 12 31
73 13 24
73 14 34
73 15 98
73 16 52
73 17 59
73 18 8
73 19 26
73 20 32
73 21 19
73 22 27
73 23 33
73 24 13
73 25 80
73 26 36
73 27 85
73 28 14
73 29 67
73 30 96
73 31 29
73 32 17
73 33 80
73 34 2
73 35 34
73 36 31
73 37 97
73 38 11
73 39 86
73 40 1
73 41 35
73 42 43
73 43 56
73 44 31
73 45 41
73 46 47
73 47 17
73 48 33
73 49 43
73 50 95
73 51 7
73 52 75
73 53 22
73 54 47
73 55 18
73 56 95
73 57 74
73 58 49
73 59 25
73 60 68
73 61 68
73 62 89
73 63 19
73 64 62
73 65 80
73 66 92
73 67 7
73 68 86
73 69 79
73 70 39
73 71 45
73 72 59
74 0 89
74 1 57
74 2 94
74 3 46
74 4 61
74 5 32
74 6 31
74 7 59
74 8 39
74 9 39
74 10 10
74 11 46
74 12 31
74 13 59
74 14 75
74 15 63
74 16 43
74 17 30
74 18 74
74 19 97
74 20 69
74 21 12
74 22 24
74 23 91
74 24 83
74 25 92
74 26 65
74 27 84
74 28 32
74 29 31
74 30 9
74 31 53
74 32 63
74 33 73
74 34 4
74 35 70
74 36 92
74 37 55
74 38 9
74 39 91
74 40 85
74 41 24
74 42 97
74 43 6
74 44 46
74 45 71
74 46 76
74 47 4
74 48 29
74 49 84
74 50 39
74 51 8
74 52 7
74 53 10
74 54 66
74 55 4
74 56 34
74 57 31
74 58 88
74 59 34
74 60 94
74 61 35
74 62 69
74 63 67
74 64 25
74 65 24
74 66 44
74 67 51
74 68 57
74 69 22
74 70 1
74 71 62
74 72 32
74 73 78
75 0 98
75 1 89
75 2 8
75 3 24
75 4 36
75 5 90
75 6 87
75 7 52
75 8 46
75 9 16
75 10 64
75 11 80
75 12 71
75 13 55
75 14 11
75 15 41
75 16 64
75 17 78
75 18 5
75 19 94
75 20 56
75 21 51
75 22 7
75 23 90
75 24 1
75 25 0
75 26 2
75 27 6
75 28 34
75 29 39
75 30 37
75 31 96
75 32 39
75 33 28
75 34 76
75 35 26
75 36 70
75 37 48
75 38 42
75 39 44
75 40 16
75 41 64
75 42 91
75 43 13
75 44 70
75 45 26
75 46 34
75 47 97
75 48 17
75 49 26
75 50 95
75 51 98
75 52 9
75 53 11
75 54 71
75 55 52
75 56 83
75 57 33
75 58 50
75 59 6
75 60 28
75 61 21
75 62 91
75 63 3
75 64 87
75 65 0
75 66 30
75 67 15
75 68 65
75 69 66
75 70 65
75 71 2
75 72 73
75 73 81
75 74 71
76 0 58
76 1 35
76 2 36
76 3 99
76 4 94
76 5 75
76 6 13
76 7 95
76 8 51
76 9 64
76 10 21
76 11 99
76 12 65
76 13 38
76 14 35
76 15 60
76 16 20
76 17 44
76 18 55
76 19 62
76 20 36
76 21 23
76 22 95
76 23 90
76 24 40
76 25 83
76 26 10
76 27 77
76 28 95
76 29 73
76 30 58
76 31 92
76 32 14
76 33 36
76 34 71
76 35 39
76 36 36
76 37 50
76 38 85
76 39 79
76 40 76
76 41 66
76 42 55
76 43 7
76 44 59
76 45 92
76 46 53
76 47 30
76 48 54
76 49 58
76 50 79
76 51 66
76 52 47
76 53 45
76 54 17
76 55 71
76 56 73
76 57 87
76 58 81
76 59 77
76 60 23
76 61 57
76 62 49
76 63 63
76 64 51
76 65 24
76 66 39
76 67 5
76 68 58
76 69 53
76 70 8
76 71 23
76 72 29
76 73 9
76 74 55
76 75 89
77 0 67
77 1 23
77 2 6
77 3 10
77 4 48
77 5 48
77 6 91
77 7 69
77 8 39
77 9 87
77 10 99
77 11 56
77 12 45
77 13 94
77 14 82
77 15 94
77 16 64
77 17 35
77 18 0
77 19 38
77 20 43
77 21 38
77 22 51
77 23 81
77 24 70
77 25 30
77 26 96
77 27 93
77 28 55
77 29 3
77 30 13
77 31 81
77 32 76
77 33 46
77 34 29
77 35 47
77 36 32
77 37 22
77 38 42
77 39 4
77 40 21
77 41 70
77 42 55
77 43 99
77 44 8
77 45 52
77 46 22
77 47 69
77 48 30
77 49 84
77 50 0
77 51 74
77 52 43
77 53 40
77 54 25
77 55 11
77 56 25
77 57 20
77 58 77
77 59 58
77 60 58
77 61 58
77 62 86
77 63 53
77 64 99
77 65 36
77 66 35
77 67 56
77 68 2
77 69 61
77 70 53
77 71 19
77 72 92
77 73 74
77 74 47
77 75 44
77 76 15
78 0 39
78 1 40
78 2 54
78 3 62
78 4 86
78 5 60
78 6 15
78 7 70
78 8 72
78 9 22
78 10 66
78 11 19
78 12 44
78 13 73
78 14 28
78 15 95
78 16 3
78 17 31
78 18 22
78 19 79
78 20 68
78 21 9
78 22 9
78 23 27
78 24 88
78 25 58
78 26 52
78 27 47
78 28 38
78 29 83
78 30 81
78 31 35
78 32 92
78 33 51
78 34 42
78 35 38
78 36 76
78 37 14
78 38 95
78 39 24
78 40 37
78 41 92
78 42 24
78 43 5
78 44 15
78 45 10
78 46 15
78 47 5
78 48 21
78 49 68
78 50 95
78 51 16
78 52 84
78 53 17
78 54 61
78 55 77
78 56 64
78 57 72
78 58 24
78 59 8
78 60 82
78 61 39
78 62 18
78 63 86
78 64 59
78 65 26
78 66 20
78 67 15
78 68 25
78 69 49
78 70 73
78 71 34
78 72 10
78 73 64
78 74 80
78 75 39
78 76 73
78 77 49
79 0 24
79 1 51
79 2 16
79 3 64
79 4 34
79 5 14
79 6 84
79 7 52
79 8 88
79 9 78
79 10 11
79 11 89
79 12 63
79 13 84
79 14 58
79 15 3
79 16 84
79 17 97
79 18 72
79 19 85
79 20 49
79 21 90
79 22 45
79 23 54
79 24 85
79 25 15
79 26 70
79 27 48
79 28 82
79 29 52
79 30 48
79 31 47
79 32 63
79 33 97
79 34 3
79 35 49
79 36 47
79 37 61
79 38 49
79 39 94
79 40 58
79 41 88
79 42 53
79 43 90
79 44 51
79 45 49
79 46 21
79 47 49
79 48 49
79 49 91
79 50 55
79 51 24
79 52 62
79 53 91
79 54 17
79 55 0
79 56 28
79 57 71
79 58 56
79 59 62
79 60 89
79 61 41
79 62 45
79 63 43
79 64 80
79 65 3
79 66 18
79 67 51
79 68 5
79 69 27
79 70 75
79 71 6
79 72 23
79 73 4
79 74 91
79 75 97
79 76 96
79 77 56
79 78 28
80 0 29
80 1 80
80 2 97
80 3 44
80 4 68
80 5 1
80 6 88
80 7 47
80 8 40
80 9 67
80 10 0
80 11 51
80 12 94
80 13 57
80 14 91
80 15 56
80 16 61
80 17 27
80 18 50
80 19 61
80 20 56
80 21 78
80 22 90
80 23 48
80 24 40
80 25 43
80 26 90
80 27 93
80 28 33
80 29 27
80 30 59
80 31 63
80 32 98
80 33 12
80 34 83
80 35 42
80 36 39
80 37 59
80 38 31
80 39 46
80 40 39
80 41 65
80 42 44
80 43 92
80 44 78
80 45 45
80 46 22
80 47 92
80 48 48
80 49 47
80 50 87
80 51 60
80 52 99
80 53 7
80 54 91
80 55 29
80 56 85
80 57 22
80 58 31
80 59 21
80 60 19
80 61 21
80 62 80
80 63 83
80 64 61
80 65 50
80 66 20
80 67 98
80 68 58
80 69 70
80 70 15
80 71 33
80 72 26
80 73 37
80 74 51
80 75 0
80 76 1
80 77 56
80 78 51
80 79 51
81 0 31
81 1 87
81 2 1
81 3 56
81 4 70
81 5 90
81 6 2
81 7 79
81 8 30
81 9 86
81 10 11
81 11 71
81 12 91
81 13 42
81 14 87
81 15 95
81 16 39
81 17 93
81 18 65
81 19 2
81 20 72
81 21 3
81 22 70
81 23 68
81 24 70
81 25 38
81 26 68
81 27 39
81 28 34
81 29 88
81 30 95
81 31 98
81 32 1
81 33 37
81 34 20
81 35 22
81 36 57
81 37 1
81 38 35
81 39 94
81 40 49
81 41 67
81 42 19
81 43 45
81 44 43
81 45 22
81 46 98
81 47 52
81 48 69
81 49 84
81 50 69
81 51 18
81 52 99
81 53 94
81 54 69
81 55 4
81 56 84
81 57 64
81 58 59
81 59 99
81 60 86
81 61 26
81 62 86
81 63 78
81 64 23
81 65 89
81 66 31
81 67 2
81 68 3
81 69 27
81 70 63
81 71 79
81 72 25
81 73 30
81 74 78
81 75 48
81 76 96
81 77 49
81 78 19
81 79 75
81 80 26
82 0 87
82 1 18
82 2 34
82 3 5
82 4 0
82 5 73
82 6 68
82 7 51
82 8 82
82 9 41
82 10 5
82 11 87
82 12 47
82 13 17
82 14 54
82 15 68
82 16 27
82 17 29
82 18 69
82 19 95
82 20 39
82 21 73
82 22 34
82 23 81
82 24 14
82 25 95
82 26 7
82 27 89
82 28 99
82 29 97
82 30 8
82 31 67
82 32 86
82 33 88
82 34 36
82 35 0
82 36 76
82 37 88
82 38 64
82 39 76
82 40 92
82 41 59
82 42 46
82 43 91
82 44 57
82 45 9
82 46 66
82 47 70
82 48 40
82 49 94
82 50 24
82 51 77
82 52 76
82 53 40
82 54 77
82 55 50
82 56 98
82 57 46
82 58 16
82 59 0
82 60 72
82 61 5
82 62 83
82 63 2
82 64 9
82 65 31
82 66 12
82 67 69
82 68 77
82 69 60
82 70 6
82 71 68
82 72 4
82 73 69
82 74 39
82 75 9
82 76 48
82 77 12
82 78 15
82 79 15
82 80 58
82 81 80
83 0 0
83 1 83
83 2 68
83 3 29
83 4 80
83 5 64
83 6 0
83 7 75
83 8 7
83 9 86
83 10 73
83 11 46
83 12 25
83 13 92
83 14 78
83 15 89
83 16 79
83 17 15
83 18 89
83 19 80
83 20 70
83 21 36
83 22 47
83 23 61
83 24 6
83 25 63
83 26 84
83 27 18
83 28 79
83 29 45
83 30 16
83 31 48
83 32 9
83 33 3
83 34 70
83 35 22
83 36 43
83 37 67
83 38 91
83 39 26
83 40 47
83 41 53
83 42 4
83 43 87
83 44 72
83 45 69
83 46 87
83 47 26
83 48 34
83 49 34
83 50 80
83 51 32
83 52 76
83 53 20
83 54 97
83 55 97
83 56 85
83 57 66
83 58 11
83 59 8
83 60 45
83 61 93
83 62 40
83 63 6
83 64 2
83 65 67
83 66 32
83 67 67
83 68 82
83 69 59
83 70 43
83 71 96
83 72 54
83 73 49
83 74 87
83 75 17
83 76 28
83 77 83
83 78 1
83 79 86
83 80 29
83 81 18
83 82 81
84 0 48
84 1 91
84 2 45
84 3 37
84 4 78
84 5 65
84 6 30
84 7 91
84 8 23
84 9 73
84 10 43
84 11 64
84 12 83
84 13 60
84 14 59
84 15 88
84 16 56
84 17 46
84 18 58
84 19 94
84 20 13
84 21 47
84 22 82
84 23 13
84 24 28
84 25 28
84 26 72
84 27 76
84 28 86
84 29 77
84 30 77
84 31 83
84 32 3
84 33 58
84 34 94
84 35 36
84 36 36
84 37 38
84 38 93
84 39 59
84 40 56
84 41 79
84 42 13
84 43 59
84 44 31
84 45 7
84 46 51
84 47 75
84 48 22
84 49 64
84 50 88
84 51 47
84 52 42
84 53 14
84 54 61
84 55 11
84 56 19
84 57 46
84 58 59
84 59 19
84 60 18
84 61 73
84 62 86
84 63 75
84 64 22
84 65 55
84 66 13
84 67 56
84 68 51
84 69 86
84 70 80
84 71 13
84 72 75
84 73 49
84 74 60
84 75 5
84 76 44
84 77 49
84 78 67
84 79 67
84 80 69
84 81 5
84 82 0
84 83 81
85 0 13
85 1 10
85 2 67
85 3 46
85 4 36
85 5 14
85 6 73
85 7 53
85 8 88
85 9 51
85 10 65
85 11 87
85 12 25
85 13 69
85 14 40
85 15 85
85 16 91
85 17 89
85 18 76
85 19 18
85 20 65
85 21 70
85 22 21
85 23 72
85 24 6
85 25 39
85 26 70
85 27 47
85 28 21
85 29 78
85 30 6
85 31 3
85 32 75
85 33 74
85 34 45
85 35 42
85 36 21
85 37 70
85 38 96
85 39 23
85 40 78
85 41 56
85 42 73
85 43 75
85 44 85
85 45 6
85 46 53
85 47 88
85 48 81
85 49 56
85 50 39
85 51 42
85 52 96
85 53 0
85 54 67
85 55 37
85 56 66
85 57 67
85 58 72
85 59 95
85 60 99
85 61 42
85 62 46
85 63 13
85 64 75
85 65 74
85 66 22
85 67 30
85 68 99
85 69 32
85 70 33
85 71 22
85 72 26
85 73 49
85 74 34
85 75 22
85 76 19
85 77 18
85 78 54
85 79 97
85 80 90
85 81 86
85 82 26
85 83 19
85 84 25
86 0 45
86 1 84
86 2 17
86 3 31
86 4 73
86 5 72
86 6 4
86 7 20
86 8 54
86 9 81
86 10 97
86 11 61
86 12 82
86 13 49
86 14 14
86 15 83
86 16 98
86 17 7
86 18 35
86 19 42
86 20 34
86 21 87
86 22 67
86 23 1
86 24 57
86 25 64
86 26 9
86 27 53
86 28 47
86 29 50
86 30 27
86 31 5
86 32 74
86 33 90
86 34 38
86 35 96
86 36 84
86 37 19
86 38 20
86 39 23
86 40 33
86 41 1
86 42 46
86 43 13
86 44 65
86 45 71
86 46 75
86 47 7
86 48 68
86 49 84
86 50 20
86 51 40
86 52 5
86 53 62
86 54 56
86 55 0
86 56 58
86 57 55
86 58 22
86 59 9
86 60 85
86 61 60
86 62 4
86 63 40
86 64 55
86 65 60
86 66 15
86 67 85
86 68 83
86 69 96
86 70 11
86 71 23
86 72 56
86 73 74
86 74 5
86 75 96
86 76 10
86 77 19
86 78 91
86 79 84
86 80 94
86 81 16
86 82 5
86 83 99
86 84 28
86 85 75
87 0 23
87 1 44
87 2 41
87 3 2
87 4 90
87 5 68
87 6 60
87 7 48
87 8 78
87 9 46
87 10 17
87 11 90
87 12 70
87 13 26
87 14 94
87 15 34
87 16 52
87 17 84
87 18 68
87 19 2
87 20 33
87 21 39
87 22 62
87 23 27
87 24 80
87 25 86
87 26 52
87 27 14
87 28 17
87 29 47
87 30 41
87 31 54
87 32 92
87 33 7
87 34 41
87 35 60
87 36 4
87 37 5
87 38 1
87 39 79
87 40 28
87 41 51
87 42 33
87 43 80
87 44 68
87 45 52
87 46 0
87 47 47
87 48 47
87 49 19
87 50 33
87 51 16
87 52 4
87 53 40
87 54 3
87 55 78
87 56 79
87 57 50
87 58 42
87 59 43
87 60 24
87 61 74
87 62 79
87 63 92
87 64 4
87 65 25
87 66 65
87 67 66
87 68 0
87 69 71
87 70 87
87 71 43
87 72 69
87 73 15
87 74 34
87 75 40
87 76 80
87 77 19
87 78 76
87 79 98
87 80 65
87 81 19
87 82 95
87 83 91
87 84 24
87 85 91
87 86 40
88 0 69
88 1 34
88 2 18
88 3 8
88 4 43
88 5 21
88 6 65
88 7 26
88 8 16
88 9 74
88 10 31
88 11 68
88 12 66
88 13 89
88 14 41
88 15 62
88 16 43
88 17 61
88 18 71
88 19 44
88 20 26
88 21 70
88 22 56
88 23 60
88 24 78
88 25 8
88 26 2
88 27 74
88 28 85
88 29 72
88 30 38
88 31 33
88 32 6
88 33 26
88 34 82
88 35 92
88 36 76
88 37 19
88 38 61
88 39 95
88 40 88
88 41 64
88 42 22
88 43 63
88 44 70
88 45 12
88 46 76
88 47 59
88 48 94
88 49 44
88 50 95
88 51 39
88 52 0
88 53 7
88 54 37
88 55 39
88 56 28
88 57 2
88 58 90
88 59 80
88 60 2
88 61 73
88 62 57
88 63 31
88 64 22
88 65 17
88 66 77
88 67 5
88 68 97
88 69 80
88 70 45
88 71 26
88 72 32
88 73 90
88 74 43
88 75 46
88 76 27
88 77 24
88 78 15
88 79 64
88 80 56
88 81 94
88 82 3
88 83 37
88 84 11
88 85 4
88 86 80
88 87 62
89 0 66
89 1 9
89 2 6
89 3 60
89 4 86
89 5 89
89 6 56
89 7 51
89 8 19
89 9 22
89 10 82
89 11 24
89 12 51
89 13 59
89 14 50
89 15 12
89 16 78
89 17 50
89 18 5
89 19 53
89 20 27
89 21 1
89 22 94
89 23 98
89 24 89
89 25 14
89 26 72
89 27 6
89 28 2
89 29 80
89 30 68
89 31 82
89 32 55
89 33 75
89 34 7
89 35 59
89 36 32
89 37 39
89 38 8
89 39 70
89 40 35
89 41 7
89 42 54
89 43 16
89 44 92
89 45 85
89 46 96
89 47 55
89 48 44
89 49 76
89 50 21
89 51 38
89 52 30
89 53 66
89 54 87
89 55 22
89 56 35
89 57 38
89 58 80
89 59 1
89 60 51
89 61 48
89 62 99
89 63 18
89 64 89
89 65 88
89 66 28
89 67 17
89 68 28
89 69 43
89 70 2
89 71 43
89 72 40
89 73 8
89 74 85
89 75 89
89 76 32
89 77 58
89 78 52
89 79 40
89 80 27
89 81 11
89 82 69
89 83 82
89 84 19
89 85 52
89 86 68
89 87 75
89 88 22
90 0 68
90 1 77
90 2 26
90 3 21
90 4 26
90 5 57
90 6 45
90 7 2
90 8 73
90 9 62
90 10 86
90 11 19
90 12 91
90 13 24
90 14 54
90 15 55
90 16 82
90 17 83
90 18 63
90 19 9
90 20 75
90 21 16
90 22 35
90 23 33
90 24 15
90 25 81
90 26 17
90 27 76
90 28 79
90 29 8
90 30 25
90 31 95
90 32 31
90 33 82
90 34 17
90 35 50
90 36 78
90 37 10
90 38 8
90 39 7
90 40 8
90 41 59
90 42 70
90 43 1
90 44 34
90 45 58
90 46 80
90 47 89
90 48 76
90 49 84
90 50 71
90 51 86
90 52 80
90 53 32
90 54 21
90 55 24
90 56 93
90 57 57
90 58 86
90 59 84
90 60 61
90 61 90
90 62 60
90 63 73
90 64 67
90 65 2
90 66 58
90 67 57
90 68 71
90 69 32
90 70 60
90 71 59
90 72 61
90 73 53
90 74 94
90 75 27
90 76 8
90 77 19
90 78 91
90 79 12
90 80 23
90 81 75
90 82 80
90 83 71
90 84 38
90 85 18
90 86 42
90 87 91
90 88 45
90 89 2
91 0 19
91 1 56
91 2 40
91 3 50
91 4 87
91 5 26
91 6 38
91 7 74
91 8 11
91 9 74
91 10 69
91 11 55
91 12 30
91 13 39
91 14 61
91 15 11
91 16 96
91 17 57
91 18 74
91 19 6
91 20 71
91 21 49
91 22 69
91 23 60
91 24 39
91 25 64
91 26 38
91 27 33
91 28 81
91 29 59
91 30 50
91 31 90
91 32 41
91 33 87
91 34 37
91 35 41
91 36 74
91 37 84
91 38 57
91 39 36
91 40 83
91 41 11
91 42 40
91 43 34
91 44 6
91 45 66
91 46 83
91 47 12
91 48 42
91 49 16
91 50 86
91 51 77
91 52 57
91 53 92
91 54 15
91 55 38
91 56 56
91 57 26
91 58 14
91 59 57
91 60 63
91 61 4
91 62 62
91 63 54
91 64 98
91 65 32
91 66 41
91 67 29
91 68 1
91 69 67
91 70 56
91 71 25
91 72 6
91 73 31
91 74 0
91 75 53
91 76 57
91 77 39
91 78 71
91 79 46
91 80 74
91 81 86
91 82 90
91 83 59
91 84 19
91 85 51
91 86 92
91 87 10
91 88 94
91 89 78
91 90 0
92 0 7
92 1 81
92 2 8
92 3 43
92 4 97
92 5 16
92 6 4
92 7 8
92 8 9
92 9 46
92 10 39
92 11 64
92 12 90
92 13 55
92 14 67
92 15 68
92 16 41
92 17 63
92 18 89
92 19 69
92 20 38
92 21 72
92 22 24
92 23 38
92 24 72
92 25 46
92 26 17
92 27 54
92 28 13
92 29 96
92 30 19
92 31 0
92 32 64
92 33 48
92 34 28
92 35 17
92 36 31
92 37 77
92 38 10
92 39 95
92 40 41
92 41 93
92 42 90
92 43 18
92 44 43
92 45 77
92 46 48
92 47 59
92 48 26
92 49 88
92 50 77
92 51 98
92 52 3
92 53 46
92 54 96
92 55 32
92 56 86
92 57 73
92 58 54
92 59 6
92 60 74
92 61 31
92 62 77
92 63 93
92 64 41
92 65 73
92 66 2
92 67 44
92 68 41
92 69 26
92 70 95
92 71 20
92 72 23
92 73 63
92 74 41
92 75 1
92 76 25
92 77 58
92 78 65
92 79 95
92 80 2
92 81 63
92 82 97
92 83 35
92 84 18
92 85 58
92 86 46
92 87 97
92 88 0
92 89 23
92 90 21
92 91 46
93 0 96
93 1 70
93 2 75
93 3 53
93 4 65
93 5 63
93 6 67
93 7 27
93 8 73
93 9 0
93 10 25
93 11 36
93 12 80
93 13 73
93 14 75
93 15 94
93 16 1
93 17 4
93 18 49
93 19 41
93 20 30
93 21 2
93 22 18
93 23 38
93 24 26
93 25 60
93 26 87
93 27 70
93 28 44
93 29 80
93 30 15
93 31 39
93 32 62
93 33 84
93 34 30
93 35 3
93 36 87
93 37 51
93 38 13
93 39 38
93 40 48
93 41 84
93 42 85
93 43 44
93 44 81
93 45 22
93 46 91
93 47 70
93 48 81
93 49 56
93 50 83
93 51 72
93 52 60
93 53 44
93 54 42
93 55 84
93 56 60
93 57 63
93 58 11
93 59 23
93 60 8
93 61 80
93 62 33
93 63 14
93 64 70
93 65 67
93 66 73
93 67 90
93 68 18
93 69 44
93 70 53
93 71 73
93 72 98
93 73 89
93 74 12
93 75 22
93 76 77
93 77 92
93 78 86
93 79 95
93 80 64
93 81 23
93 82 35
93 83 56
93 84 80
93 85 11
93 86 94
93 87 32
93 88 94
93 89 30
93 90 34
93 91 3
93 92 0
94 0 38
94 1 74
94 2 84
94 3 87
94 4 85
94 5 98
94 6 81
94 7 88
94 8 5
94 9 26
94 10 28
94 11 33
94 12 58
94 13 42
94 14 80
94 15 74
94 16 88
94 17 63
94 18 67
94 19 6
94 20 46
94 21 14
94 22 68
94 23 84
94 24 3
94 25 34
94 26 17
94 27 21
94 28 91
94 29 59
94 30 2
94 31 20
94 32 86
94 33 50
94 34 97
94 35 33
94 36 49
94 37 29
94 38 94
94 39 35
94 40 49
94 41 20
94 42 5
94 43 28
94 44 95
94 45 90
94 46 42
94 47 18
94 48 91
94 49 55
94 50 75
94 51 17
94 52 82
94 53 59
94 54 29
94 55 78
94 56 10
94 57 91
94 58 63
94 59 49
94 60 88
94 61 64
94 62 54
94 63 66
94 64 51
94 65 32
94 66 5
94 67 87
94 68 14
94 69 19
94 70 44
94 71 10
94 72 75
94 73 22
94 74 38
94 75 33
94 76 19
94 77 53
94 78 54
94 79 18
94 80 44
94 81 87
94 82 83
94 83 80
94 84 14
94 85 43
94 86 67
94 87 94
94 88 51
94 89 25
94 90 26
94 91 32
94 92 40
94 93 20
95 0 51
95 1 65
95 2 43
95 3 18
95 4 60
95 5 22
95 6 3
95 7 69
95 8 19
95 9 14
95 10 12
95 11 89
95 12 46
95 13 18
95 14 48
95 15 37
95 16 13
95 17 82
95 18 56
95 19 53
95 20 37
95 21 96
95 22 91
95 23 8
95 24 5
95 25 44
95 26 37
95 27 18
95 28 61
95 29 19
95 30 36
95 31 30
95 32 84
95 33 22
95 34 81
95 35 24
95 36 38
95 37 58
95 38 54
95 39 78
95 40 81
95 41 63
95 42 1
95 43 52
95 44 13
95 45 30
95 46 99
95 47 6
95 48 26
95 49 83
95 50 41
95 51 24
95 52 6
95 53 50
95 54 85
95 55 26
95 56 74
95 57 90
95 58 63
95 59 81
95 60 7
95 61 30
95 62 54
95 63 93
95 64 20
95 65 6
95 66 36
95 67 8
95 68 87
95 69 48
95 70 95
95 71 10
95 72 88
95 73 65
95 74 95
95 75 38
95 76 92
95 77 85
95 78 18
95 79 67
95 80 89
95 81 58
95 82 70
95 83 76
95 84 34
95 85 12
95 86 80
95 87 78
95 88 51
95 89 42
95 90 19
95 91 93
95 92 8
95 93 55
95 94 99
96 0 96
96 1 86
96 2 47
96 3 1
96 4 3
96 5 95
96 6 80
96 7 41
96 8 94
96 9 51
96 10 37
96 11 82
96 12 19
96 13 28
96 14 81
96 15 39
96 16 65
96 17 94
96 18 16
96 19 58
96 20 46
96 21 28
96 22 51
96 23 78
96 24 68
96 25 19
96 26 82
96 27 32
96 28 63
96 29 53
96 30 83
96 31 76
96 32 24
96 33 96
96 34 70
96 35 88
96 36 96
96 37 93
96 38 16
96 39 21
96 40 40
96 41 0
96 42 38
96 43 42
96 44 87
96 45 18
96 46 34
96 47 60
96 48 13
96 49 61
96 50 85
96 51 69
96 52 15
96 53 71
96 54 83
96 55 45
96 56 53
96 57 59
96 58 10
96 59 29
96 60 16
96 61 40
96 62 51
96 63 78
96 64 8
96 65 91
96 66 46
96 67 48
96 68 13
96 69 69
96 70 44
96 71 22
96 72 91
96 73 91
96 74 26
96 75 22
96 76 54
96 77 84
96 78 47
96 79 48
96 80 47
96 81 93
96 82 74
96 83 51
96 84 11
96 85 47
96 86 39
96 87 59
96 88 3
96 89 59
96 90 17
96 91 26
96 92 6
96 93 67
96 94 19
96 95 6
97 0 82
97 1 8
97 2 73
97 3 15
97 4 42
97 5 23
97 6 62
97 7 65
97 8 90
97 9 30
97 10 51
97 11 34
97 12 73
97 13 80
97 14 90
97 15 70
97 16 0
97 17 60
97 18 70
97 19 92
97 20 41
97 21 11
97 22 60
97 23 7
97 24 84
97 25 52
97 26 84
97 27 40
97 28 50
97 29 50
97 30 76
97 31 6
97 32 78
97 33 74
97 34 78
97 35 77
97 36 72
97 37 33
97 38 83
97 39 3
97 40 80
97 41 19
97 42 57
97 43 88
97 44 92
97 45 17
97 46 21
97 47 50
97 48 6
97 49 3
97 50 49
97 51 5
97 52 44
97 53 66
97 54 17
97 55 91
97 56 68
97 57 80
97 58 5
97 59 33
97 60 93
97 61 59
97 62 57
97 63 45
97 64 39
97 65 26
97 66 49
97 67 74
97 68 64
97 69 57
97 70 72
97 71 45
97 72 19
97 73 36
97 74 22
97 75 38
97 76 26
97 77 19
97 78 21
97 79 42
97 80 26
97 81 63
97 82 22
97 83 35
97 84 77
97 85 76
97 86 55
97 87 65
97 88 66
97 89 82
97 90 32
97 91 73
97 92 96
97 93 89
97 94 2
97 95 97
97 96 59
98 0 52
98 1 85
98 2 14
98 3 45
98 4 48
98 5 97
98 6 6
98 7 35
98 8 33
98 9 17
98 10 62
98 11 56
98 12 99
98 13 55
98 14 42
98 15 4
98 16 45
98 17 99
98 18 91
98 19 15
98 20 1
98 21 64
98 22 94
98 23 85
98 24 3
98 25 50
98 26 23
98 27 40
98 28 49
98 29 29
98 30 59
98 31 49
98 32 66
98 33 78
98 34 21
98 35 22
98 36 9
98 37 17
98 38 75
98 39 88
98 40 61
98 41 91
98 42 62
98 43 53
98 44 63
98 45 68
98 46 14
98 47 39
98 48 91
98 49 79
98 50 6
98 51 84
98 52 53
98 53 71
98 54 44
98 55 15
98 56 37
98 57 76
98 58 57
98 59 74
98 60 75
98 61 33
98 62 0
98 63 24
98 64 93
98 65 18
98 66 6
98 67 28
98 68 61
98 69 85
98 70 20
98 71 73
98 72 19
98 73 82
98 74 93
98 75 29
98 76 39
98 77 89
98 78 45
98 79 93
98 80 93
98 81 73
98 82 16
98 83 15
98 84 83
98 85 61
98 86 91
98 87 37
98 88 85
98 89 78
98 90 96
98 91 67
98 92 75
98 93 14
98 94 22
98 95 23
98 96 95
98 97 18
99 0 61
99 1 90
99 2 38
99 3 80
99 4 8
99 5 38
99 6 32
99 7 52
99 8 11
99 9 10
99 10 30
99 11 76
99 12 27
99 13 15
99 14 18
99 15 36
99 16 73
99 17 29
99 18 91
99 19 25
99 20 54
99 21 52
99 22 44
99 23 26
99 24 76
99 25 2
99 26 90
99 27 29
99 28 56
99 29 44
99 30 12
99 31 69
99 32 80
99 33 21
99 34 13
99 35 67
99 36 54
99 37 31
99 38 49
99 39 46
99 40 52
99 41 35
99 42 91
99 43 78
99 44 57
99 45 94
99 46 71
99 47 42
99 48 76
99 49 37
99 50 60
99 51 24
99 52 64
99 53 46
99 54 21
99 55 63
99 56 35
99 57 81
99 58 89
99 59 64
99 60 77
99 61 11
99 62 31
99 63 25
99 64 5
99 65 38
99 66 42
99 67 79
99 68 97
99 69 71
99 70 69
99 71 80
99 72 34
99 73 83
99 74 33
99 75 20
99 76 75
99 77 37
99 78 70
99 79 71
99 80 25
99 81 73
99 82 12
99 83 86
99 84 40
99 85 72
99 86 69
99 87 4
99 88 27
99 89 69
99 90 84
99 91 39
99 92 47
99 93 65
99 94 81
99 95 96
99 96 93
99 97 8
99 98 38