0 1 55
1 2 99
2 0 26
3 0 36
3 1 93
3 2 18
4 0 68
4 1 26
4 2 1
4 3 56
5 0 24
5 1 3
5 2 39
5 3 43
5 4 94
6 0 78
6 1 93
6 2 63
6 3 16
6 4 80
6 5 13
7 0 44
7 1 51
7 2 90
7 3 22
7 4 6
7 5 77
7 6 44
8 0 76
8 1 27
8 2 99
8 3 50
8 4 93
8 5 51
8 6 36
8 7 77
9 0 94
9 1 43
9 2 65
9 3 62
9 4 12
9 5 6
9 6 3
9 7 85
9 8 88
10 0 26
10 1 93
10 2 76
10 3 57
10 4 66
10 5 42
10 6 6
10 7 41
10 8 55
10 9 57
11 0 62
11 1 92
11 2 94
11 3 84
11 4 72
11 5 36
11 6 37
11 7 14
11 8 20
11 9 3
11 10 61
12 0 35
12 1 50
12 2 26
12 3 27
12 4 8
12 5 52
12 6 79
12 7 48
12 8 35
12 9 78
12 10 54
12 11 7
13 0 34
13 1 33
13 2 59
13 3 76
13 4 73
13 5 65
13 6 70
13 7 13
13 8 48
13 9 57
13 10 17
13 11 43
13 12 51
14 0 31
14 1 22
14 2 67
14 3 64
14 4 44
14 5 54
14 6 43
14 7 69
14 8 87
14 9 13
14 10 58
14 11 74
14 12 37
14 13 26
15 0 24
15 1 66
15 2 3
15 3 51
15 4 80
15 5 95
15 6 18
15 7 26
15 8 17
15 9 31
15 10 8
15 11 34
15 12 17
15 13 16
15 14 39
16 0 93
16 1 10
16 2 85
16 3 99
16 4 45
16 5 42
16 6 6
16 7 25
16 8 20
16 9 81
16 10 87
16 11 89
16 12 61
16 13 58
16 14 6
16 15 3
17 0 83
17 1 2
17 2 17
17 3 94
17 4 78
17 5 2
17 6 4
17 7 79
17 8 17
17 9 71
17 10 44
17 11 45
17 12 28
17 13 0
17 14 94
17 15 45
17 16 0
18 0 42
18 1 76
18 2 84
18 3 37
18 4 31
18 5 33
18 6 95
18 7 41
18 8 68
18 9 46
18 10 63
18 11 26
18 12 39
18 13 69
18 14 92
18 15 56
18 16 60
18 17 97
19 0 81
19 1 93
19 2 11
19 3 10
19 4 6
19 5 3
19 6 27
19 7 57
19 8 96
19 9 95
19 10 2
19 11 27
19 12 6
19 13 96
19 14 77
19 15 14
19 16 19
19 17 34
19 18 76
20 0 43
20 1 2
20 2 20
20 3 60
20 4 43
20 5 83
20 6 14
20 7 93
20 8 39
20 9 42
20 10 28
20 11 2
20 12 44
20 13 9
20 14 17
20 15 67
20 16 66
20 17 29
20 18 72
20 19 56
21 0 82
21 1 56
21 2 30
21 3 68
21 4 70
21 5 5
21 6 18
21 7 72
21 8 45
21 9 97
21 10 95
21 11 46
21 12 50
21 13 12
21 14 37
21 15 62
21 16 70
21 17 67
21 18 91
21 19 99
21 20 4
22 0 45
22 1 78
22 2 99
22 3 81
22 4 80
22 5 57
22 6 19
22 7 48
22 8 35
22 9 58
22 10 98
22 11 61
22 12 98
22 13 11
22 14 72
22 15 7
22 16 43
22 17 25
22 18 53
22 19 45
22 20 19
22 21 39
23 0 18
23 1 3
23 2 44
23 3 91
23 4 32
23 5 94
23 6 96
23 7 38
23 8 64
23 9 4
23 10 38
23 11 32
23 12 52
23 13 7
23 14 15
23 15 57
23 16 98
23 17 95
23 18 13
23 19 91
23 20 88
23 21 63
23 22 93
24 0 60
24 1 66
24 2 97
24 3 46
24 4 53
24 5 92
24 6 14
24 7 76
24 8 5
24 9 83
24 10 46
24 11 25
24 12 67
24 13 18
24 14 65
24 15 43
24 16 13
24 17 80
24 18 88
24 19 17
24 20 35
24 21 81
24 22 7
24 23 48
25 0 75
25 1 35
25 2 72
25 3 22
25 4 83
25 5 2
25 6 99
25 7 54
25 8 23
25 9 54
25 10 49
25 11 87
25 12 3
25 13 11
25 14 4
25 15 48
25 16 46
25 17 73
25 18 90
25 19 69
25 20 27
25 21 15
25 22 41
25 23 33
25 24 51
26 0 10
26 1 97
26 2 70
26 3 46
26 4 40
26 5 90
26 6 42
26 7 86
26 8 3
26 9 64
26 10 85
26 11 24
26 12 22
26 13 66
26 14 15
26 15 76
26 16 89
26 17 13
26 18 37
26 19 52
26 20 5
26 21 71
26 22 37
26 23 37
26 24 16
26 25 18
27 0 88
27 1 24
27 2 44
27 3 51
27 4 27
27 5 78
27 6 2
27 7 71
27 8 44
27 9 65
27 10 53
27 11 48
27 12 25
27 13 3
27 14 82
27 15 83
27 16 9
27 17 19
27 18 39
27 19 18
27 20 20
27 21 59
27 22 97
27 23 5
27 24 41
27 25 84
27 26 96
28 0 43
28 1 19
28 2 18
28 3 18
28 4 11
28 5 19
28 6 49
28 7 66
28 8 69
28 9 36
28 10 62
28 11 23
28 12 87
28 13 30
28 14 78
28 15 84
28 16 47
28 17 61
28 18 30
28 19 54
28 20 17
28 21 26
28 22 36
28 23 66
28 24 53
28 25 50
28 26 34
28 27 25
29 0 51
29 1 13
29 2 54
29 3 9
29 4 24
29 5 18
29 6 53
29 7 67
29 8 2
29 9 82
29 10 94
29 11 11
29 12 24
29 13 48
29 14 79
29 15 22
29 16 15
29 17 76
29 18 31
29 19 20
29 20 35
29 21 40
29 22 40
29 23 20
29 24 90
29 25 64
29 26 86
29 27 87
29 28 37
30 0 69
30 1 62
30 2 18
30 3 59
30 4 70
30 5 74
30 6 74
30 7 17
30 8 16
30 9 23
30 10 63
30 11 53
30 12 63
30 13 43
30 14 36
30 15 29
30 16 93
30 17 5
30 18 11
30 19 0
30 20 27
30 21 28
30 22 90
30 23 82
30 24 90
30 25 73
30 26 41
30 27 52
30 28 43
30 29 31
31 0 29
31 1 43
31 2 94
31 3 18
31 4 13
31 5 17
31 6 73
31 7 19
31 8 51
31 9 73
31 10 74
31 11 34
31 12 69
31 13 57
31 14 18
31 15 90
31 16 9
31 17 35
31 18 27
31 19 41
31 20 82
31 21 76
31 22 81
31 23 51
31 24 0
31 25 39
31 26 21
31 27 64
31 28 5
31 29 94
31 30 88
32 0 9
32 1 54
32 2 21
32 3 95
32 4 16
32 5 64
32 6 9
32 7 10
32 8 66
32 9 85
32 10 66
32 11 93
32 12 61
32 13 96
32 14 65
32 15 4
32 16 80
32 17 17
32 18 14
32 19 40
32 20 57
32 21 40
32 22 92
32 23 87
32 24 10
32 25 1
32 26 27
32 27 91
32 28 93
32 29 22
32 30 92
32 31 79
33 0 87
33 1 82
33 2 92
33 3 15
33 4 70
33 5 93
33 6 69
33 7 88
33 8 54
33 9 80
33 10 91
33 11 85
33 12 7
33 13 7
33 14 40
33 15 38
33 16 75
33 17 98
33 18 64
33 19 89
33 20 57
33 21 66
33 22 80
33 23 47
33 24 19
33 25 76
33 26 47
33 27 95
33 28 58
33 29 39
33 30 65
33 31 14
33 32 46
34 0 34
34 1 63
34 2 18
34 3 75
34 4 58
34 5 43
34 6 66
34 7 66
34 8 0
34 9 89
34 10 80
34 11 95
34 12 44
34 13 33
34 14 76
34 15 46
34 16 1
34 17 38
34 18 61
34 19 78
34 20 98
34 21 29
34 22 61
34 23 85
34 24 53
34 25 18
34 26 80
34 27 82
34 28 81
34 29 71
34 30 9
34 31 78
34 32 5
34 33 73
35 0 60
35 1 14
35 2 59
35 3 94
35 4 1
35 5 43
35 6 0
35 7 99
35 8 55
35 9 76
35 10 85
35 11 86
35 12 22
35 13 92
35 14 66
35 15 2
35 16 56
35 17 7
35 18 50
35 19 3
35 20 86
35 21 40
35 22 49
35 23 40
35 24 89
35 25 33
35 26 24
35 27 18
35 28 13
35 29 19
35 30 58
35 31 59
35 32 85
35 33 91
35 34 54
36 0 16
36 1 22
36 2 19
36 3 72
36 4 27
36 5 85
36 6 75
36 7 21
36 8 59
36 9 55
36 10 75
36 11 32
36 12 14
36 13 96
36 14 29
36 15 40
36 16 66
36 17 25
36 18 84
36 19 28
36 20 77
36 21 24
36 22 81
36 23 78
36 24 6
36 25 50
36 26 2
36 27 44
36 28 51
36 29 52
36 30 87
36 31 15
36 32 87
36 33 32
36 34 77
36 35 26
37 0 50
37 1 22
37 2 47
37 3 65
37 4 83
37 5 89
37 6 93
37 7 74
37 8 30
37 9 59
37 10 92
37 11 58
37 12 48
37 13 38
37 14 57
37 15 94
37 16 73
37 17 38
37 18 66
37 19 15
37 20 92
37 21 93
37 22 39
37 23 49
37 24 88
37 25 74
37 26 43
37 27 93
37 28 33
37 29 35
37 30 39
37 31 88
37 32 36
37 33 97
37 34 70
37 35 80
37 36 38
38 0 54
38 1 69
38 2 56
38 3 33
38 4 40
38 5 7
38 6 45
38 7 23
38 8 83
38 9 40
38 10 4
38 11 86
38 12 50
38 13 5
38 14 2
38 15 79
38 16 56
38 17 16
38 18 62
38 19 63
38 20 98
38 21 67
38 22 26
38 23 30
38 24 81
38 25 76
38 26 31
38 27 99
38 28 52
38 29 57
38 30 32
38 31 54
38 32 0
38 33 66
38 34 17
38 35 91
38 36 34
38 37 61
39 0 12
39 1 23
39 2 73
39 3 75
39 4 8
39 5 51
39 6 85
39 7 17
39 8 74
39 9 31
39 10 9
39 11 35
39 12 72
39 13 90
39 14 97
39 15 65
39 16 53
39 17 21
39 18 45
39 19 39
39 20 23
39 21 67
39 22 89
39 23 95
39 24 72
39 25 39
39 26 32
39 27 33
39 28 77
39 29 38
39 30 48
39 31 69
39 32 68
39 33 67
39 34 69
39 35 15
39 36 12
39 37 68
39 38 43
40 0 71
40 1 24
40 2 14
40 3 29
40 4 56
40 5 90
40 6 97
40 7 92
40 8 0
40 9 71
40 10 66
40 11 29
40 12 23
40 13 6
40 14 88
40 15 51
40 16 5
40 17 40
40 18 32
40 19 62
40 20 65
40 21 72
40 22 77
40 23 31
40 24 38
40 25 88
40 26 21
40 27 92
40 28 94
40 29 69
40 30 9
40 31 84
40 32 66
40 33 22
40 34 58
40 35 61
40 36 85
40 37 92
40 38 44
40 39 2
41 0 73
41 1 3
41 2 12
41 3 79
41 4 53
41 5 94
41 6 47
41 7 22
41 8 35
41 9 95
41 10 79
41 11 94
41 12 0
41 13 10
41 14 10
41 15 38
41 16 63
41 17 93
41 18 84
41 19 57
41 20 27
41 21 88
41 22 62
41 23 51
41 24 27
41 25 54
41 26 53
41 27 18
41 28 70
41 29 87
41 30 66
41 31 14
41 32 29
41 33 98
41 34 85
41 35 44
41 36 91
41 37 6
41 38 22
41 39 61
41 40 74
42 0 68
42 1 39
42 2 29
42 3 33
42 4 55
42 5 98
42 6 13
42 7 49
42 8 67
42 9 94
42 10 37
42 11 33
42 12 83
42 13 87
42 14 4
42 15 37
42 16 93
42 17 56
42 18 97
42 19 38
42 20 20
42 21 44
42 22 79
42 23 93
42 24 55
42 25 17
42 26 46
42 27 73
42 28 12
42 29 53
42 30 48
42 31 83
42 32 46
42 33 6
42 34 97
42 35 59
42 36 34
42 37 38
42 38 95
42 39 53
42 40 88
42 41 64
43 0 54
43 1 82
43 2 25
43 3 6
43 4 89
43 5 80
43 6 89
43 7 37
43 8 23
43 9 43
43 10 86
43 11 93
43 12 37
43 13 22
43 14 73
43 15 91
43 16 82
43 17 68
43 18 11
43 19 45
43 20 68
43 21 66
43 22 72
43 23 67
43 24 9
43 25 37
43 26 70
43 27 68
43 28 59
43 29 55
43 30 91
43 31 37
43 32 86
43 33 64
43 34 42
43 35 12
43 36 31
43 37 26
43 38 86
43 39 43
43 40 19
43 41 49
43 42 75
44 0 82
44 1 60
44 2 91
44 3 21
44 4 9
44 5 49
44 6 67
44 7 35
44 8 91
44 9 11
44 10 55
44 11 78
44 12 73
44 13 47
44 14 85
44 15 42
44 16 1
44 17 71
44 18 52
44 19 54
44 20 74
44 21 10
44 22 95
44 23 26
44 24 11
44 25 44
44 26 24
44 27 68
44 28 84
44 29 98
44 30 29
44 31 49
44 32 80
44 33 29
44 34 99
44 35 39
44 36 92
44 37 92
44 38 89
44 39 73
44 40 21
44 41 2
44 42 25
44 43 38
45 0 50
45 1 63
45 2 92
45 3 66
45 4 78
45 5 73
45 6 76
45 7 11
45 8 60
45 9 61
45 10 33
45 11 75
45 12 75
45 13 74
45 14 32
45 15 20
45 16 54
45 17 83
45 18 1
45 19 30
45 20 21
45 21 25
45 22 0
45 23 61
45 24 97
45 25 83
45 26 18
45 27 24
45 28 77
45 29 53
45 30 30
45 31 49
45 32 18
45 33 12
45 34 65
45 35 0
45 36 48
45 37 92
45 38 43
45 39 83
45 40 38
45 41 20
45 42 26
45 43 59
45 44 40
46 0 70
46 1 67
46 2 26
46 3 65
46 4 53
46 5 76
46 6 25
46 7 96
46 8 55
46 9 61
46 10 64
46 11 69
46 12 18
46 13 62
46 14 72
46 15 11
46 16 42
46 17 69
46 18 36
46 19 49
46 20 11
46 21 89
46 22 86
46 23 75
46 24 78
46 25 18
46 26 46
46 27 70
46 28 30
46 29 91
46 30 3
46 31 7
46 32 66
46 33 81
46 34 84
46 35 17
46 36 7
46 37 39
46 38 68
46 39 75
46 40 0
46 41 46
46 42 40
46 43 5
46 44 41
46 45 41
47 0 90
47 1 12
47 2 16
47 3 72
47 4 80
47 5 42
47 6 16
47 7 26
47 8 96
47 9 70
47 10 59
47 11 13
47 12 9
47 13 16
47 14 27
47 15 4
47 16 8
47 17 87
47 18 2
47 19 61
47 20 47
47 21 84
47 22 61
47 23 54
47 24 95
47 25 48
47 26 83
47 27 20
47 28 96
47 29 58
47 30 0
47 31 96
47 32 66
47 33 51
47 34 20
47 35 14
47 36 74
47 37 25
47 38 33
47 39 25
47 40 24
47 41 42
47 42 27
47 43 5
47 44 32
47 45 48
47 46 9
48 0 26
48 1 88
48 2 59
48 3 65
48 4 57
48 5 93
48 6 31
48 7 67
48 8 92
48 9 34
48 10 90
48 11 69
48 12 83
48 13 79
48 14 52
48 15 15
48 16 21
48 17 53
48 18 60
48 19 46
48 20 57
48 21 4
48 22 86
48 23 46
48 24 67
48 25 92
48 26 84
48 27 49
48 28 81
48 29 59
48 30 80
48 31 21
48 32 53
48 33 30
48 34 56
48 35 51
48 36 30
48 37 16
48 38 54
48 39 56
48 40 85
48 41 31
48 42 61
48 43 84
48 44 24
48 45 19
48 46 30
48 47 82
49 0 30
49 1 49
49 2 29
49 3 19
49 4 7
49 5 49
49 6 20
49 7 74
49 8 31
49 9 78
49 10 75
49 11 1
49 12 7
49 13 77
49 14 28
49 15 67
49 16 85
49 17 89
49 18 80
49 19 61
49 20 29
49 21 41
49 22 45
49 23 7
49 24 7
49 25 91
49 26 17
49 27 66
49 28 11
49 29 9
49 30 27
49 31 99
49 32 34
49 33 95
49 34 30
49 35 93
49 36 7
49 37 18
49 38 11
49 39 55
49 40 82
49 41 81
49 42 11
49 43 26
49 44 22
49 45 9
49 46 95
49 47 49
49 48 26
50 0 1
50 1 36
50 2 12
50 3 95
50 4 72
50 5 79
50 6 40
50 7 72
50 8 49
50 9 57
50 10 36
50 11 87
50 12 99
50 13 64
50 14 12
50 15 61
50 16 2
50 17 66
50 18 83
50 19 48
50 20 0
50 21 32
50 22 47
50 23 96
50 24 99
50 25 61
50 26 17
50 27 62
50 28 15
50 29 75
50 30 29
50 31 6
50 32 18
50 33 95
50 34 79
50 35 81
50 36 53
50 37 34
50 38 36
50 39 72
50 40 69
50 41 93
50 42 90
50 43 12
50 44 24
50 45 70
50 46 94
50 47 80
50 48 6
50 49 49
51 0 18
51 1 11
51 2 44
51 3 74
51 4 66
51 5 91
51 6 39
51 7 48
51 8 33
51 9 99
51 10 36
51 11 93
51 12 14
51 13 29
51 14 76
51 15 80
51 16 63
51 17 8
51 18 64
51 19 28
51 20 83
51 21 23
51 22 59
51 23 35
51 24 27
51 25 15
51 26 46
51 27 29
51 28 44
51 29 71
51 30 43
51 31 93
51 32 17
51 33 25
51 34 64
51 35 98
51 36 35
51 37 2
51 38 48
51 39 55
51 40 25
51 41 13
51 42 54
51 43 59
51 44 76
51 45 45
51 46 85
51 47 82
51 48 78
51 49 37
51 50 37
52 0 82
52 1 38
52 2 48
52 3 20
52 4 19
52 5 96
52 6 76
52 7 34
52 8 50
52 9 11
52 10 7
52 11 48
52 12 43
52 13 94
52 14 59
52 15 71
52 16 11
52 17 72
52 18 67
52 19 75
52 20 54
52 21 4
52 22 87
52 23 74
52 24 56
52 25 80
52 26 48
52 27 40
52 28 88
52 29 70
52 30 74
52 31 0
52 32 15
52 33 30
52 34 82
52 35 18
52 36 44
52 37 62
52 38 37
52 39 59
52 40 63
52 41 45
52 42 59
52 43 85
52 44 25
52 45 86
52 46 36
52 47 25
52 48 68
52 49 93
52 50 48
52 51 49
53 0 62
53 1 17
53 2 29
53 3 37
53 4 41
53 5 53
53 6 2
53 7 62
53 8 53
53 9 58
53 10 91
53 11 40
53 12 54
53 13 69
53 14 97
53 15 74
53 16 40
53 17 9
53 18 29
53 19 19
53 20 41
53 21 71
53 22 41
53 23 98
53 24 17
53 25 9
53 26 67
53 27 17
53 28 5
53 29 43
53 30 66
53 31 89
53 32 22
53 33 63
53 34 9
53 35 60
53 36 89
53 37 70
53 38 83
53 39 60
53 40 78
53 41 94
53 42 82
53 43 2
53 44 77
53 45 99
53 46 58
53 47 88
53 48 64
53 49 59
53 50 32
53 51 85
53 52 45
54 0 93
54 1 63
54 2 87
54 3 48
54 4 28
54 5 21
54 6 72
54 7 85
54 8 55
54 9 77
54 10 39
54 11 10
54 12 25
54 13 37
54 14 90
54 15 44
54 16 67
54 17 54
54 18 25
54 19 29
54 20 62
54 21 35
54 22 0
54 23 77
54 24 62
54 25 4
54 26 86
54 27 17
54 28 20
54 29 58
54 30 79
54 31 0
54 32 12
54 33 18
54 34 8
54 35 26
54 36 70
54 37 6
54 38 80
54 39 77
54 40 27
54 41 53
54 42 22
54 43 62
54 44 30
54 45 53
54 46 94
54 47 5
54 48 78
54 49 68
54 50 38
54 51 68
54 52 87
54 53 34
55 0 62
55 1 53
55 2 92
55 3 50
55 4 85
55 5 86
55 6 57
55 7 57
55 8 69
55 9 82
55 10 85
55 11 92
55 12 5
55 13 87
55 14 46
55 15 89
55 16 48
55 17 62
55 18 34
55 19 7
55 20 25
55 21 32
55 22 30
55 23 48
55 24 73
55 25 35
55 26 96
55 27 80
55 28 15
55 29 19
55 30 79
55 31 87
55 32 97
55 33 21
55 34 33
55 35 15
55 36 94
55 37 12
55 38 91
55 39 47
55 40 93
55 41 49
55 42 91
55 43 3
55 44 55
55 45 64
55 46 7
55 47 30
55 48 86
55 49 54
55 50 53
55 51 30
55 52 8
55 53 73
55 54 18
56 0 10
56 1 91
56 2 95
56 3 65
56 4 6
56 5 66
56 6 53
56 7 99
56 8 73
56 9 88
56 10 60
56 11 87
56 12 78
56 13 31
56 14 87
56 15 19
56 16 74
56 17 8
56 18 80
56 19 37
56 20 55
56 21 50
56 22 92
56 23 20
56 24 47
56 25 5
56 26 60
56 27 25
56 28 58
56 29 34
56 30 42
56 31 58
56 32 88
56 33 41
56 34 1
56 35 87
56 36 88
56 37 87
56 38 0
56 39 47
56 40 20
56 41 9
56 42 71
56 43 79
56 44 57
56 45 71
56 46 64
56 47 61
56 48 94
56 49 65
56 50 49
56 51 84
56 52 28
56 53 94
56 54 30
56 55 74
57 0 5
57 1 51
57 2 52
57 3 33
57 4 66
57 5 31
57 6 28
57 7 45
57 8 96
57 9 30
57 10 11
57 11 64
57 12 96
57 13 76
57 14 85
57 15 82
57 16 6
57 17 66
57 18 73
57 19 52
57 20 11
57 21 12
57 22 9
57 23 33
57 24 80
57 25 4
57 26 23
57 27 91
57 28 86
57 29 35
57 30 11
57 31 5
57 32 26
57 33 56
57 34 69
57 35 10
57 36 80
57 37 69
57 38 14
57 39 91
57 40 23
57 41 90
57 42 29
57 43 60
57 44 46
57 45 68
57 46 92
57 47 57
57 48 87
57 49 65
57 50 11
57 51 86
57 52 70
57 53 77
57 54 63
57 55 44
57 56 51
58 0 83
58 1 80
58 2 95
58 3 13
58 4 13
58 5 16
58 6 53
58 7 33
58 8 25
58 9 51
58 10 70
58 11 24
58 12 75
58 13 49
58 14 30
58 15 84
58 16 12
58 17 44
58 18 85
58 19 55
58 20 99
58 21 49
58 22 91
58 23 42
58 24 6
58 25 2
58 26 42
58 27 92
58 28 27
58 29 38
58 30 17
58 31 34
58 32 19
58 33 57
58 34 10
58 35 73
58 36 36
58 37 73
58 38 36
58 39 9
58 40 31
58 41 83
58 42 62
58 43 81
58 44 59
58 45 60
58 46 61
58 47 87
58 48 12
58 49 84
58 50 13
58 51 7
58 52 2
58 53 40
58 54 54
58 55 54
58 56 96
58 57 97
59 0 29
59 1 35
59 2 13
59 3 34
59 4 37
59 5 42
59 6 69
59 7 20
59 8 53
59 9 97
59 10 84
59 11 81
59 12 57
59 13 87
59 14 53
59 15 78
59 16 55
59 17 90
59 18 78
59 19 82
59 20 99
59 21 30
59 22 11
59 23 1
59 24 15
59 25 55
59 26 12
59 27 41
59 28 88
59 29 9
59 30 97
59 31 71
59 32 2
59 33 69
59 34 42
59 35 82
59 36 21
59 37 85
59 38 23
59 39 60
59 40 92
59 41 90
59 42 36
59 43 61
59 44 29
59 45 63
59 46 25
59 47 78
59 48 42
59 49 56
59 50 15
59 51 10
59 52 64
59 53 15
59 54 50
59 55 83
59 56 25
59 57 41
59 58 11
60 0 86
60 1 43
60 2 23
60 3 89
60 4 39
60 5 76
60 6 99
60 7 75
60 8 13
60 9 19
60 10 99
60 11 32
60 12 18
60 13 22
60 14 68
60 15 18
60 16 28
60 17 33
60 18 35
60 19 22
60 20 81
60 21 73
60 22 99
60 23 87
60 24 82
60 25 88
60 26 99
60 27 26
60 28 84
60 29 24
60 30 45
60 31 91
60 32 48
60 33 46
60 34 91
60 35 64
60 36 96
60 37 74
60 38 23
60 39 45
60 40 49
60 41 31
60 42 3
60 43 54
60 44 27
60 45 64
60 46 18
60 47 85
60 48 93
60 49 90
60 50 64
60 51 57
60 52 93
60 53 11
60 54 13
60 55 81
60 56 84
60 57 52
60 58 63
60 59 49
61 0 82
61 1 58
61 2 59
61 3 44
61 4 55
61 5 90
61 6 65
61 7 42
61 8 79
61 9 92
61 10 9
61 11 4
61 12 23
61 13 57
61 14 84
61 15 25
61 16 82
61 17 95
61 18 85
61 19 17
61 20 85
61 21 67
61 22 67
61 23 18
61 24 8
61 25 9
61 26 65
61 27 8
61 28 84
61 29 44
61 30 0
61 31 35
61 32 66
61 33 67
61 34 82
61 35 72
61 36 25
61 37 51
61 38 52
61 39 15
61 40 62
61 41 97
61 42 97
61 43 95
61 44 23
61 45 70
61 46 1
61 47 65
61 48 41
61 49 90
61 50 80
61 51 51
61 52 0
61 53 9
61 54 25
61 55 19
61 56 6
61 57 25
61 58 5
61 59 88
61 60 79
62 0 45
62 1 44
62 2 11
62 3 43
62 4 59
62 5 45
62 6 31
62 7 27
62 8 26
62 9 44
62 10 13
62 11 66
62 12 41
62 13 33
62 14 44
62 15 56
62 16 9
62 17 20
62 18 93
62 19 45
62 20 5
62 21 15
62 22 28
62 23 80
62 24 85
62 25 26
62 26 78
62 27 84
62 28 45
62 29 10
62 30 59
62 31 86
62 32 34
62 33 7
62 34 52
62 35 72
62 36 87
62 37 57
62 38 94
62 39 72
62 40 4
62 41 65
62 42 98
62 43 2
62 44 11
62 45 19
62 46 82
62 47 45
62 48 4
62 49 70
62 50 81
62 51 60
62 52 73
62 53 66
62 54 72
62 55 4
62 56 72
62 57 24
62 58 29
62 59 10
62 60 44
62 61 52
63 0 8
63 1 40
63 2 28
63 3 53
63 4 45
63 5 22
63 6 67
63 7 80
63 8 38
63 9 19
63 10 50
63 11 48
63 12 79
63 13 35
63 14 90
63 15 94
63 16 90
63 17 46
63 18 24
63 19 21
63 20 27
63 21 54
63 22 27
63 23 53
63 24 93
63 25 22
63 26 56
63 27 34
63 28 43
63 29 94
63 30 66
63 31 88
63 32 28
63 33 27
63 34 39
63 35 90
63 36 72
63 37 55
63 38 17
63 39 25
63 40 59
63 41 15
63 42 26
63 43 37
63 44 54
63 45 76
63 46 58
63 47 36
63 48 72
63 49 91
63 50 45
63 51 1
63 52 51
63 53 88
63 54 56
63 55 58
63 56 11
63 57 95
63 58 59
63 59 36
63 60 88
63 61 98
63 62 32
64 0 77
64 1 5
64 2 40
64 3 59
64 4 93
64 5 23
64 6 40
64 7 13
64 8 75
64 9 14
64 10 58
64 11 30
64 12 14
64 13 82
64 14 91
64 15 9
64 16 95
64 17 45
64 18 54
64 19 50
64 20 17
64 21 22
64 22 41
64 23 77
64 24 54
64 25 8
64 26 77
64 27 96
64 28 22
64 29 10
64 30 55
64 31 67
64 32 19
64 33 21
64 34 60
64 35 68
64 36 44
64 37 32
64 38 77
64 39 84
64 40 33
64 41 83
64 42 82
64 43 62
64 44 46
64 45 69
64 46 47
64 47 92
64 48 41
64 49 66
64 50 48
64 51 51
64 52 19
64 53 1
64 54 54
64 55 31
64 56 67
64 57 7
64 58 10
64 59 49
64 60 54
64 61 31
64 62 32
64 63 61
65 0 26
65 1 90
65 2 61
65 3 69
65 4 6
65 5 35
65 6 65
65 7 22
65 8 94
65 9 54
65 10 67
65 11 13
65 12 61
65 13 90
65 14 76
65 15 81
65 16 49
65 17 71
65 18 39
65 19 34
65 20 80
65 21 23
65 22 4
65 23 17
65 24 61
65 25 71
65 26 49
65 27 71
65 28 56
65 29 86
65 30 98
65 31 48
65 32 12
65 33 16
65 34 38
65 35 50
65 36 15
65 37 59
65 38 82
65 39 16
65 40 46
65 41 47
65 42 80
65 43 82
65 44 56
65 45 27
65 46 62
65 47 72
65 48 98
65 49 51
65 50 93
65 51 32
65 52 6
65 53 87
65 54 95
65 55 34
65 56 50
65 57 31
65 58 12
65 59 20
65 60 25
65 61 76
65 62 31
65 63 14
65 64 5
66 0 74
66 1 68
66 2 64
66 3 0
66 4 34
66 5 91
66 6 20
66 7 87
66 8 43
66 9 35
66 10 18
66 11 14
66 12 42
66 13 58
66 14 97
66 15 5
66 16 42
66 17 41
66 18 24
66 19 61
66 20 84
66 21 85
66 22 62
66 23 32
66 24 37
66 25 54
66 26 1
66 27 69
66 28 44
66 29 44
66 30 26
66 31 95
66 32 19
66 33 84
66 34 45
66 35 29
66 36 27
66 37 78
66 38 38
66 39 78
66 40 55
66 41 77
66 42 83
66 43 59
66 44 64
66 45 26
66 46 73
66 47 73
66 48 52
66 49 73
66 50 53
66 51 32
66 52 47
66 53 28
66 54 56
66 55 48
66 56 35
66 57 66
66 58 57
66 59 72
66 60 84
66 61 39
66 62 89
66 63 98
66 64 19
66 65 89
67 0 33
67 1 78
67 2 0
67 3 11
67 4 35
67 5 13
67 6 13
67 7 0
67 8 47
67 9 31
67 10 9
67 11 2
67 12 66
67 13 77
67 14 0
67 15 57
67 16 76
67 17 7
67 18 19
67 19 47
67 20 77
67 21 69
67 22 71
67 23 1
67 24 62
67 25 82
67 26 70
67 27 83
67 28 30
67 29 45
67 30 14
67 31 77
67 32 45
67 33 24
67 34 5
67 35 17
67 36 79
67 37 18
67 38 82
67 39 77
67 40 98
67 41 91
67 42 21
67 43 85
67 44 88
67 45 62
67 46 89
67 47 81
67 48 34
67 49 83
67 50 57
67 51 31
67 52 38
67 53 6
67 54 11
67 55 20
67 56 53
67 57 24
67 58 9
67 59 12
67 60 0
67 61 3
67 62 95
67 63 95
67 64 47
67 65 66
67 66 85
68 0 0
68 1 99
68 2 72
68 3 98
68 4 26
68 5 87
68 6 38
68 7 41
68 8 53
68 9 13
68 10 74
68 11 3
68 12 21
68 13 53
68 14 98
68 15 53
68 16 54
68 17 84
68 18 46
68 19 1
68 20 70
68 21 87
68 22 40
68 23 22
68 24 54
68 25 10
68 26 12
68 27 17
68 28 22
68 29 75
68 30 70
68 31 16
68 32 67
68 33 76
68 34 59
68 35 32
68 36 97
68 37 91
68 38 69
68 39 97
68 40 1
68 41 26
68 42 16
68 43 26
68 44 34
68 45 59
68 46 89
68 47 83
68 48 23
68 49 84
68 50 9
68 51 37
68 52 80
68 53 11
68 54 48
68 55 50
68 56 89
68 57 83
68 58 57
68 59 28
68 60 74
68 61 62
68 62 38
68 63 68
68 64 92
68 65 53
68 66 34
68 67 82
69 0 82
69 1 8
69 2 49
69 3 22
69 4 9
69 5 86
69 6 25
69 7 84
69 8 78
69 9 31
69 10 71
69 11 79
69 12 48
69 13 64
69 14 37
69 15 72
69 16 89
69 17 74
69 18 35
69 19 81
69 20 19
69 21 38
69 22 53
69 23 30
69 24 36
69 25 0
69 26 3
69 27 87
69 28 95
69 29 75
69 30 27
69 31 85
69 32 51
69 33 67
69 34 14
69 35 0
69 36 30
69 37 22
69 38 75
69 39 24
69 40 53
69 41 72
69 42 49
69 43 31
69 44 39
69 45 54
69 46 3
69 47 37
69 48 91
69 49 48
69 50 69
69 51 6
69 52 76
69 53 96
69 54 66
69 55 59
69 56 13
69 57 25
69 58 49
69 59 10
69 60 56
69 61 50
69 62 62
69 63 57
69 64 17
69 65 73
69 66 99
69 67 26
69 68 4
70 0 55
70 1 9
70 2 0
70 3 68
70 4 2
70 5 46
70 6 8
70 7 26
70 8 61
70 9 45
70 10 98
70 11 12
70 12 86
70 13 37
70 14 1
70 15 45
70 16 11
70 17 52
70 18 94
70 19 19
70 20 25
70 21 54
70 22 1
70 23 45
70 24 37
70 25 7
70 26 56
70 27 21
70 28 71
70 29 83
70 30 5
70 31 1
70 32 36
70 33 90
70 34 0
70 35 38
70 36 86
70 37 64
70 38 6
70 39 7
70 40 74
70 41 28
70 42 29
70 43 11
70 44 98
70 45 7
70 46 28
70 47 20
70 48 25
70 49 28
70 50 92
70 51 74
70 52 75
70 53 60
70 54 7
70 55 79
70 56 58
70 57 44
70 58 74
70 59 42
70 60 36
70 61 71
70 62 65
70 63 83
70 64 20
70 65 83
70 66 87
70 67 99
70 68 75
70 69 62
71 0 23
71 1 20
71 2 84
71 3 28
71 4 16
71 5 0
71 6 55
71 7 19
71 8 67
71 9 79
71 10 53
71 11 58
71 12 41
71 13 40
71 14 98
71 15 71
71 16 52
71 17 11
71 18 36
71 19 72
71 20 47
71 21 39
71 22 92
71 23 91
71 24 2
71 25 96
71 26 56
71 27 55
71 28 72
71 29 51
71 30 84
71 31 64
71 32 59
71 33 33
71 34 38
71 35 42
71 36 81
71 37 95
71 38 17
71 39 98
71 40 72
71 41 89
71 42 85
71 43 70
71 44 49
71 45 72
71 46 46
71 47 68
71 48 41
71 49 37
71 50 60
71 51 23
71 52 97
71 53 6
71 54 49
71 55 23
71 56 46
71 57 82
71 58 10
71 59 10
71 60 10
71 61 27
71 62 82
71 63 94
71 64 34
71 65 74
71 66 10
71 67 27
71 68 37
71 69 94
71 70 84
72 0 89
72 1 47
72 2 30
72 3 21
72 4 3
72 5 48
72 6 6
72 7 15
72 8 56
72 9 99
72 10 24
72 11 68
72 12 14
72 13 96
72 14 65
72 15 69
72 16 47
72 17 53
72 18 23
72 19 3
72 20 34
72 21 18
72 22 88
72 23 20
72 24 32
72 25 44
72 26 70
72 27 7
72 28 55
72 29 62
72 30 69
72 31 80
72 32 26
72 33 54
72 34 50
72 35 24
72 36 66
72 37 25
72 38 55
72 39 73
72 40 32
72 41 34
72 42 78
72 43 63
72 44 18
72 45 53
72 46 74
72 47 60
72 48 19
72 49 23
72 50 3
72 51 88
72 52 86
72 53 22
72 54 36
72 55 77
72 56 93
72 57 29
72 58 23
72 59 88
72 60 0
72 61 2
72 62 98
72 63 51
72 64 16
72 65 42
72 66 43
72 67 6
72 68 37
72 69 88
72 70 47
72 71 24
73 0 83
73 1 17
73 2 21
73 3 50
73 4 66
73 5 34
73 6 65
73 7 89
73 8 75
73 9 43
73 10 0
73 11 34
73 12 89
73 13 27
73 14 63
73 15 27
73 16 38
73 17 72
73 18 4
73 19 18
73 20 50
73 21 98
73 22 9
73 23 95
73 24 52
73 25 1
73 26 47
73 27 28
73 28 74
73 29 39
73 30 79
73 31 90
73 32 2
73 33 1
73 34 2
73 35 97
73 36 61
73 37 91
73 38 5
73 39 23
73 40 53
73 41 51
73 42 98
73 43 55
73 44 70
73 45 13
73 46 13
73 47 44
73 48 4
73 49 27
73 50 72
73 51 42
73 52 41
73 53 34
73 54 55
73 55 13
73 56 56
73 57 43
73 58 78
73 59 36
73 60 57
73 61 89
73 62 93
73 63 23
73 64 34
73 65 51
73 66 29
73 67 24
73 68 35
73 69 38
73 70 86
73 71 95
73 72 48
74 0 32
74 1 29
74 2 44
74 3 7
74 4 52
74 5 81
74 6 15
74 7 62
74 8 60
74 9 25
74 10 83
74 11 17
74 12 22
74 13 17
74 14 94
74 15 37
74 16 6
74 17 78
74 18 18
74 19 57
74 20 87
74 21 89
74 22 38
74 23 47
74 24 6
74 25 32
74 26 17
74 27 17
74 28 30
74 29 33
74 30 95
74 31 82
74 32 35
74 33 40
74 34 50
74 35 11
74 36 61
74 37 28
74 38 97
74 39 99
74 40 31
74 41 69
74 42 72
74 43 15
74 44 92
74 45 25
74 46 8
74 47 85
74 48 82
74 49 93
74 50 81
74 51 27
74 52 80
74 53 50
74 54 71
74 55 25
74 56 69
74 57 41
74 58 63
74 59 31
74 60 83
74 61 42
74 62 85
74 63 11
74 64 13
74 65 78
74 66 68
74 67 30
74 68 64
74 69 22
74 70 78
74 71 26
74 72 87
74 73 13
75 0 94
75 1 78
75 2 29
75 3 6
75 4 44
75 5 77
75 6 77
75 7 75
75 8 62
75 9 16
75 10 95
75 11 98
75 12 65
75 13 86
75 14 11
75 15 99
75 16 13
75 17 19
75 18 12
75 19 41
75 20 42
75 21 49
75 22 91
75 23 8
75 24 58
75 25 77
75 26 92
75 27 11
75 28 83
75 29 7
75 30 85
75 31 91
75 32 63
75 33 85
75 34 20
75 35 63
75 36 57
75 37 23
75 38 85
75 39 13
75 40 55
75 41 15
75 42 48
75 43 77
75 44 82
75 45 32
75 46 15
75 47 94
75 48 70
75 49 90
75 50 95
75 51 81
75 52 19
75 53 15
75 54 59
75 55 53
75 56 88
75 57 84
75 58 3
75 59 13
75 60 93
75 61 20
75 62 46
75 63 9
75 64 24
75 65 15
75 66 30
75 67 69
75 68 48
75 69 24
75 70 96
75 71 82
75 72 71
75 73 17
75 74 75
76 0 59
76 1 32
76 2 12
76 3 30
76 4 18
76 5 3
76 6 91
76 7 61
76 8 42
76 9 42
76 10 14
76 11 90
76 12 58
76 13 6
76 14 81
76 15 27
76 16 33
76 17 89
76 18 37
76 19 22
76 20 16
76 21 80
76 22 35
76 23 6
76 24 97
76 25 69
76 26 64
76 27 26
76 28 18
76 29 17
76 30 16
76 31 92
76 32 71
76 33 37
76 34 21
76 35 63
76 36 49
76 37 83
76 38 5
76 39 5
76 40 73
76 41 19
76 42 37
76 43 80
76 44 81
76 45 32
76 46 3
76 47 35
76 48 9
76 49 28
76 50 31
76 51 99
76 52 98
76 53 35
76 54 2
76 55 2
76 56 65
76 57 49
76 58 20
76 59 69
76 60 29
76 61 4
76 62 18
76 63 75
76 64 52
76 65 12
76 66 20
76 67 85
76 68 63
76 69 45
76 70 78
76 71 29
76 72 55
76 73 87
76 74 83
76 75 18
77 0 8
77 1 76
77 2 13
77 3 37
77 4 78
77 5 39
77 6 10
77 7 19
77 8 3
77 9 78
77 10 6
77 11 32
77 12 9
77 13 46
77 14 4
77 15 80
77 16 13
77 17 77
77 18 83
77 19 71
77 20 36
77 21 80
77 22 77
77 23 69
77 24 66
77 25 78
77 26 57
77 27 2
77 28 83
77 29 74
77 30 16
77 31 75
77 32 90
77 33 81
77 34 61
77 35 0
77 36 71
77 37 42
77 38 71
77 39 28
77 40 83
77 41 75
77 42 27
77 43 45
77 44 90
77 45 29
77 46 23
77 47 78
77 48 17
77 49 74
77 50 96
77 51 31
77 52 54
77 53 98
77 54 39
77 55 54
77 56 51
77 57 35
77 58 75
77 59 53
77 60 85
77 61 90
77 62 35
77 63 26
77 64 12
77 65 97
77 66 63
77 67 97
77 68 29
77 69 1
77 70 86
77 71 50
77 72 70
77 73 1
77 74 19
77 75 27
77 76 9
78 0 80
78 1 69
78 2 76
78 3 12
78 4 1
78 5 53
78 6 65
78 7 67
78 8 25
78 9 29
78 10 25
78 11 84
78 12 73
78 13 38
78 14 84
78 15 51
78 16 42
78 17 78
78 18 86
78 19 80
78 20 68
78 21 0
78 22 71
78 23 46
78 24 89
78 25 4
78 26 88
78 27 68
78 28 84
78 29 25
78 30 29
78 31 63
78 32 19
78 33 34
78 34 37
78 35 93
78 36 46
78 37 80
78 38 26
78 39 22
78 40 2
78 41 58
78 42 30
78 43 14
78 44 13
78 45 55
78 46 9
78 47 1
78 48 80
78 49 47
78 50 84
78 51 39
78 52 56
78 53 53
78 54 39
78 55 40
78 56 91
78 57 90
78 58 42
78 59 74
78 60 86
78 61 5
78 62 20
78 63 16
78 64 61
78 65 43
78 66 51
78 67 11
78 68 7
78 69 75
78 70 20
78 71 29
78 72 60
78 73 81
78 74 12
78 75 1
78 76 29
78 77 81
79 0 15
79 1 68
79 2 54
79 3 62
79 4 49
79 5 8
79 6 84
79 7 54
79 8 3
79 9 41
79 10 21
79 11 75
79 12 62
79 13 31
79 14 99
79 15 3
79 16 57
79 17 98
79 18 95
79 19 25
79 20 43
79 21 23
79 22 46
79 23 74
79 24 36
79 25 70
79 26 59
79 27 54
79 28 71
79 29 81
79 30 63
79 31 95
79 32 60
79 33 12
79 34 14
79 35 29
79 36 33
79 37 51
79 38 0
79 39 64
79 40 3
79 41 16
79 42 73
79 43 45
79 44 22
79 45 88
79 46 70
79 47 30
79 48 94
79 49 32
79 50 82
79 51 96
79 52 0
79 53 71
79 54 76
79 55 41
79 56 7
79 57 30
79 58 46
79 59 39
79 60 51
79 61 47
79 62 57
79 63 90
79 64 76
79 65 57
79 66 17
79 67 51
79 68 50
79 69 61
79 70 80
79 71 82
79 72 85
79 73 5
79 74 91
79 75 40
79 76 14
79 77 6
79 78 53
80 0 72
80 1 7
80 2 83
80 3 88
80 4 72
80 5 29
80 6 81
80 7 60
80 8 87
80 9 89
80 10 47
80 11 34
80 12 18
80 13 51
80 14 56
80 15 20
80 16 6
80 17 16
80 18 49
80 19 75
80 20 46
80 21 42
80 22 82
80 23 36
80 24 66
80 25 94
80 26 93
80 27 65
80 28 95
80 29 77
80 30 74
80 31 85
80 32 29
80 33 42
80 34 28
80 35 35
80 36 11
80 37 33
80 38 94
80 39 49
80 40 10
80 41 73
80 42 2
80 43 22
80 44 40
80 45 60
80 46 67
80 47 15
80 48 67
80 49 16
80 50 48
80 51 16
80 52 1
80 53 75
80 54 39
80 55 71
80 56 94
80 57 98
80 58 3
80 59 56
80 60 91
80 61 40
80 62 59
80 63 82
80 64 71
80 65 94
80 66 61
80 67 80
80 68 75
80 69 19
80 70 16
80 71 36
80 72 62
80 73 14
80 74 14
80 75 20
80 76 88
80 77 19
80 78 94
80 79 70
81 0 62
81 1 82
81 2 37
81 3 77
81 4 49
81 5 54
81 6 14
81 7 37
81 8 40
81 9 32
81 10 13
81 11 40
81 12 38
81 13 1
81 14 72
81 15 69
81 16 28
81 17 11
81 18 14
81 19 19
81 20 15
81 21 26
81 22 99
81 23 35
81 24 40
81 25 93
81 26 80
81 27 12
81 28 78
81 29 5
81 30 97
81 31 17
81 32 38
81 33 9
81 34 60
81 35 18
81 36 66
81 37 66
81 38 29
81 39 38
81 40 79
81 41 65
81 42 99
81 43 81
81 44 84
81 45 22
81 46 69
81 47 26
81 48 97
81 49 18
81 50 6
81 51 14
81 52 92
81 53 80
81 54 39
81 55 92
81 56 2
81 57 97
81 58 24
81 59 42
81 60 74
81 61 46
81 62 82
81 63 54
81 64 25
81 65 14
81 66 81
81 67 66
81 68 2
81 69 47
81 70 60
81 71 43
81 72 15
81 73 4
81 74 4
81 75 29
81 76 48
81 77 53
81 78 68
81 79 66
81 80 77
82 0 68
82 1 20
82 2 45
82 3 6
82 4 75
82 5 5
82 6 12
82 7 13
82 8 26
82 9 80
82 10 21
82 11 35
82 12 52
82 13 43
82 14 33
82 15 83
82 16 6
82 17 76
82 18 77
82 19 27
82 20 73
82 21 84
82 22 33
82 23 35
82 24 4
82 25 31
82 26 40
82 27 72
82 28 82
82 29 1
82 30 32
82 31 33
82 32 19
82 33 0
82 34 92
82 35 67
82 36 75
82 37 93
82 38 16
82 39 2
82 40 31
82 41 99
82 42 64
82 43 85
82 44 82
82 45 14
82 46 73
82 47 76
82 48 70
82 49 38
82 50 27
82 51 10
82 52 80
82 53 35
82 54 67
82 55 88
82 56 22
82 57 59
82 58 26
82 59 9
82 60 7
82 61 77
82 62 27
82 63 75
82 64 40
82 65 77
82 66 34
82 67 79
82 68 47
82 69 4
82 70 27
82 71 65
82 72 65
82 73 75
82 74 45
82 75 6
82 76 22
82 77 57
82 78 94
82 79 67
82 80 85
82 81 21
83 0 32
83 1 21
83 2 5
83 3 3
83 4 79
83 5 92
83 6 82
83 7 90
83 8 23
83 9 26
83 10 35
83 11 88
83 12 58
83 13 76
83 14 30
83 15 16
83 16 80
83 17 56
83 18 15
83 19 40
83 20 69
83 21 73
83 22 72
83 23 7
83 24 87
83 25 60
83 26 7
83 27 70
83 28 86
83 29 42
83 30 63
83 31 96
83 32 84
83 33 51
83 34 53
83 35 41
83 36 94
83 37 57
83 38 72
83 39 12
83 40 92
83 41 40
83 42 6
83 43 20
83 44 17
83 45 99
83 46 77
83 47 91
83 48 22
83 49 57
83 50 38
83 51 41
83 52 5
83 53 15
83 54 91
83 55 74
83 56 68
83 57 31
83 58 44
83 59 19
83 60 92
83 61 61
83 62 10
83 63 43
83 64 17
83 65 69
83 66 88
83 67 9
83 68 75
83 69 46
83 70 66
83 71 97
83 72 36
83 73 70
83 74 42
83 75 9
83 76 77
83 77 65
83 78 30
83 79 88
83 80 12
83 81 54
83 82 16
84 0 31
84 1 89
84 2 70
84 3 91
84 4 44
84 5 56
84 6 96
84 7 86
84 8 97
84 9 21
84 10 24
84 11 18
84 12 56
84 13 1
84 14 96
84 15 54
84 16 39
84 17 89
84 18 49
84 19 68
84 20 16
84 21 53
84 22 25
84 23 17
84 24 3
84 25 17
84 26 32
84 27 2
84 28 24
84 29 66
84 30 17
84 31 20
84 32 96
84 33 49
84 34 91
84 35 28
84 36 3
84 37 70
84 38 19
84 39 7
84 40 10
84 41 87
84 42 77
84 43 79
84 44 88
84 45 57
84 46 5
84 47 13
84 48 24
84 49 1
84 50 86
84 51 81
84 52 83
84 53 3
84 54 4
84 55 62
84 56 66
84 57 76
84 58 10
84 59 97
84 60 98
84 61 92
84 62 27
84 63 47
84 64 89
84 65 93
84 66 25
84 67 28
84 68 9
84 69 61
84 70 73
84 71 21
84 72 84
84 73 71
84 74 26
84 75 22
84 76 5
84 77 94
84 78 47
84 79 16
84 80 32
84 81 96
84 82 43
84 83 6
85 0 24
85 1 8
85 2 37
85 3 81
85 4 94
85 5 24
85 6 93
85 7 61
85 8 69
85 9 43
85 10 19
85 11 99
85 12 56
85 13 42
85 14 57
85 15 95
85 16 77
85 17 27
85 18 79
85 19 13
85 20 96
85 21 8
85 22 93
85 23 78
85 24 80
85 25 77
85 26 2
85 27 92
85 28 49
85 29 18
85 30 19
85 31 59
85 32 67
85 33 73
85 34 35
85 35 6
85 36 63
85 37 65
85 38 20
85 39 60
85 40 48
85 41 97
85 42 38
85 43 88
85 44 86
85 45 83
85 46 70
85 47 44
85 48 80
85 49 42
85 50 84
85 51 4
85 52 39
85 53 0
85 54 82
85 55 74
85 56 98
85 57 22
85 58 55
85 59 69
85 60 42
85 61 43
85 62 7
85 63 17
85 64 63
85 65 32
85 66 74
85 67 67
85 68 0
85 69 59
85 70 61
85 71 80
85 72 31
85 73 56
85 74 35
85 75 65
85 76 94
85 77 53
85 78 45
85 79 59
85 80 84
85 81 18
85 82 47
85 83 32
85 84 1
86 0 55
86 1 81
86 2 37
86 3 99
86 4 3
86 5 99
86 6 12
86 7 46
86 8 71
86 9 0
86 10 91
86 11 31
86 12 21
86 13 3
86 14 92
86 15 82
86 16 76
86 17 28
86 18 55
86 19 41
86 20 81
86 21 74
86 22 77
86 23 20
86 24 45
86 25 68
86 26 74
86 27 99
86 28 89
86 29 64
86 30 70
86 31 73
86 32 47
86 33 84
86 34 45
86 35 34
86 36 0
86 37 58
86 38 93
86 39 85
86 40 46
86 41 18
86 42 19
86 43 18
86 44 75
86 45 77
86 46 28
86 47 50
86 48 68
86 49 8
86 50 18
86 51 5
86 52 37
86 53 75
86 54 46
86 55 54
86 56 38
86 57 81
86 58 85
86 59 62
86 60 22
86 61 13
86 62 54
86 63 87
86 64 5
86 65 36
86 66 81
86 67 57
86 68 62
86 69 37
86 70 84
86 71 8
86 72 96
86 73 62
86 74 86
86 75 2
86 76 50
86 77 11
86 78 93
86 79 64
86 80 68
86 81 25
86 82 77
86 83 56
86 84 77
86 85 76
87 0 72
87 1 94
87 2 55
87 3 40
87 4 79
87 5 43
87 6 49
87 7 18
87 8 52
87 9 71
87 10 27
87 11 11
87 12 27
87 13 34
87 14 98
87 15 1
87 16 71
87 17 54
87 18 9
87 19 93
87 20 71
87 21 3
87 22 69
87 23 67
87 24 49
87 25 67
87 26 21
87 27 24
87 28 18
87 29 53
87 30 46
87 31 19
87 32 64
87 33 20
87 34 43
87 35 12
87 36 96
87 37 74
87 38 27
87 39 52
87 40 42
87 41 34
87 42 14
87 43 4
87 44 81
87 45 81
87 46 91
87 47 75
87 48 0
87 49 43
87 50 19
87 51 39
87 52 18
87 53 29
87 54 96
87 55 54
87 56 97
87 57 85
87 58 28
87 59 82
87 60 30
87 61 32
87 62 3
87 63 66
87 64 95
87 65 95
87 66 81
87 67 92
87 68 5
87 69 7
87 70 25
87 71 48
87 72 31
87 73 74
87 74 36
87 75 58
87 76 87
87 77 22
87 78 43
87 79 69
87 80 42
87 81 93
87 82 30
87 83 19
87 84 27
87 85 44
87 86 31
88 0 67
88 1 4
88 2 49
88 3 24
88 4 44
88 5 60
88 6 81
88 7 80
88 8 38
88 9 82
88 10 99
88 11 10
88 12 38
88 13 20
88 14 90
88 15 29
88 16 51
88 17 85
88 18 14
88 19 18
88 20 9
88 21 11
88 22 84
88 23 36
88 24 29
88 25 85
88 26 53
88 27 60
88 28 1
88 29 81
88 30 60
88 31 32
88 32 42
88 33 53
88 34 37
88 35 78
88 36 82
88 37 85
88 38 40
88 39 58
88 40 77
88 41 90
88 42 72
88 43 88
88 44 46
88 45 28
88 46 78
88 47 83
88 48 81
88 49 92
88 50 58
88 51 53
88 52 61
88 53 20
88 54 99
88 55 26
88 56 13
88 57 54
88 58 77
88 59 5
88 60 79
88 61 86
88 62 56
88 63 64
88 64 36
88 65 10
88 66 49
88 67 15
88 68 81
88 69 17
88 70 21
88 71 73
88 72 32
88 73 63
88 74 99
88 75 76
88 76 36
88 77 47
88 78 60
88 79 39
88 80 34
88 81 50
88 82 75
88 83 39
88 84 83
88 85 1
88 86 50
88 87 56
89 0 93
89 1 51
89 2 6
89 3 38
89 4 77
89 5 45
89 6 20
89 7 68
89 8 35
89 9 30
89 10 2
89 11 72
89 12 48
89 13 29
89 14 63
89 15 36
89 16 78
89 17 77
89 18 10
89 19 38
89 20 68
89 21 12
89 22 18
89 23 52
89 24 98
89 25 75
89 26 9
89 27 43
89 28 30
89 29 0
89 30 24
89 31 1
89 32 79
89 33 20
89 34 90
89 35 27
89 36 80
89 37 50
89 38 20
89 39 60
89 40 90
89 41 75
89 42 49
89 43 68
89 44 49
89 45 6
89 46 3
89 47 99
89 48 49
89 49 21
89 50 6
89 51 79
89 52 87
89 53 79
89 54 0
89 55 82
89 56 96
89 57 39
89 58 12
89 59 88
89 60 93
89 61 86
89 62 7
89 63 27
89 64 72
89 65 46
89 66 22
89 67 74
89 68 85
89 69 6
89 70 92
89 71 55
89 72 67
89 73 67
89 74 32
89 75 7
89 76 69
89 77 22
89 78 77
89 79 20
89 80 5
89 81 2
89 82 14
89 83 95
89 84 90
89 85 62
89 86 37
89 87 30
89 88 61
90 0 29
90 1 3
90 2 63
90 3 71
90 4 39
90 5 91
90 6 89
90 7 37
90 8 66
90 9 4
90 10 92
90 11 82
90 12 72
90 13 64
90 14 7
90 15 36
90 16 58
90 17 43
90 18 99
90 19 95
90 20 42
90 21 41
90 22 76
90 23 18
90 24 74
90 25 63
90 26 60
90 27 12
90 28 86
90 29 63
90 30 2
90 31 26
90 32 37
90 33 51
90 34 66
90 35 69
90 36 64
90 37 11
90 38 43
90 39 6
90 40 14
90 41 43
90 42 90
90 43 58
90 44 38
90 45 92
90 46 90
90 47 73
90 48 28
90 49 28
90 50 18
90 51 30
90 52 47
90 53 25
90 54 86
90 55 87
90 56 92
90 57 86
90 58 28
90 59 48
90 60 75
90 61 76
90 62 86
90 63 45
90 64 67
90 65 85
90 66 60
90 67 19
90 68 33
90 69 8
90 70 86
90 71 6
90 72 88
90 73 56
90 74 1
90 75 26
90 76 13
90 77 36
90 78 88
90 79 97
90 80 14
90 81 8
90 82 68
90 83 24
90 84 89
90 85 4
90 86 69
90 87 76
90 88 94
90 89 47
91 0 67
91 1 91
91 2 57
91 3 18
91 4 67
91 5 37
91 6 72
91 7 25
91 8 67
91 9 32
91 10 45
91 11 16
91 12 23
91 13 2
91 14 42
91 15 18
91 16 19
91 17 77
91 18 51
91 19 48
91 20 20
91 21 22
91 22 52
91 23 20
91 24 89
91 25 38
91 26 64
91 27 99
91 28 14
91 29 76
91 30 6
91 31 98
91 32 14
91 33 2
91 34 96
91 35 81
91 36 60
91 37 59
91 38 15
91 39 45
91 40 77
91 41 65
91 42 20
91 43 73
91 44 58
91 45 84
91 46 4
91 47 24
91 48 67
91 49 62
91 50 92
91 51 89
91 52 85
91 53 43
91 54 54
91 55 91
91 56 80
91 57 28
91 58 16
91 59 99
91 60 93
91 61 95
91 62 68
91 63 49
91 64 57
91 65 97
91 66 53
91 67 34
91 68 69
91 69 95
91 70 58
91 71 52
91 72 86
91 73 23
91 74 8
91 75 59
91 76 9
91 77 58
91 78 16
91 79 77
91 80 0
91 81 93
91 82 39
91 83 78
91 84 38
91 85 40
91 86 8
91 87 38
91 88 49
91 89 54
91 90 63
92 0 13
92 1 81
92 2 73
92 3 92
92 4 76
92 5 41
92 6 67
92 7 67
92 8 84
92 9 72
92 10 81
92 11 68
92 12 97
92 13 58
92 14 82
92 15 32
92 16 56
92 17 50
92 18 79
92 19 6
92 20 9
92 21 12
92 22 77
92 23 43
92 24 53
92 25 84
92 26 14
92 27 98
92 28 81
92 29 90
92 30 17
92 31 49
92 32 44
92 33 15
92 34 15
92 35 42
92 36 48
92 37 99
92 38 20
92 39 63
92 40 51
92 41 30
92 42 45
92 43 58
92 44 11
92 45 15
92 46 32
92 47 50
92 48 36
92 49 75
92 50 95
92 51 74
92 52 13
92 53 88
92 54 61
92 55 36
92 56 69
92 57 97
92 58 41
92 59 52
92 60 97
92 61 80
92 62 17
92 63 19
92 64 87
92 65 70
92 66 59
92 67 37
92 68 77
92 69 11
92 70 43
92 71 85
92 72 79
92 73 20
92 74 82
92 75 44
92 76 58
92 77 47
92 78 55
92 79 46
92 80 72
92 81 88
92 82 31
92 83 15
92 84 12
92 85 72
92 86 23
92 87 65
92 88 15
92 89 75
92 90 55
92 91 21
93 0 88
93 1 7
93 2 42
93 3 23
93 4 54
93 5 61
93 6 63
93 7 82
93 8 96
93 9 80
93 10 99
93 11 54
93 12 61
93 13 0
93 14 43
93 15 33
93 16 25
93 17 51
93 18 22
93 19 43
93 20 78
93 21 23
93 22 83
93 23 58
93 24 53
93 25 56
93 26 64
93 27 69
93 28 56
93 29 4
93 30 55
93 31 72
93 32 75
93 33 18
93 34 75
93 35 42
93 36 22
93 37 73
93 38 20
93 39 22
93 40 64
93 41 44
93 42 40
93 43 51
93 44 1
93 45 87
93 46 57
93 47 33
93 48 25
93 49 94
93 50 12
93 51 42
93 52 65
93 53 81
93 54 47
93 55 34
93 56 12
93 57 3
93 58 46
93 59 74
93 60 0
93 61 59
93 62 38
93 63 14
93 64 22
93 65 96
93 66 28
93 67 38
93 68 10
93 69 13
93 70 92
93 71 21
93 72 90
93 73 4
93 74 49
93 75 25
93 76 88
93 77 69
93 78 78
93 79 93
93 80 36
93 81 99
93 82 62
93 83 85
93 84 32
93 85 95
93 86 69
93 87 69
93 88 44
93 89 93
93 90 42
93 91 10
93 92 96
94 0 26
94 1 55
94 2 47
94 3 84
94 4 57
94 5 9
94 6 32
94 7 77
94 8 90
94 9 77
94 10 71
94 11 88
94 12 80
94 13 8
94 14 26
94 15 6
94 16 40
94 17 50
94 18 56
94 19 54
94 20 59
94 21 44
94 22 49
94 23 79
94 24 24
94 25 21
94 26 99
94 27 42
94 28 84
94 29 14
94 30 61
94 31 45
94 32 48
94 33 94
94 34 34
94 35 73
94 36 80
94 37 99
94 38 8
94 39 45
94 40 17
94 41 98
94 42 17
94 43 52
94 44 96
94 45 87
94 46 62
94 47 63
94 48 60
94 49 6
94 50 54
94 51 82
94 52 73
94 53 53
94 54 54
94 55 40
94 56 67
94 57 5
94 58 17
94 59 28
94 60 13
94 61 21
94 62 31
94 63 50
94 64 96
94 65 85
94 66 0
94 67 58
94 68 51
94 69 68
94 70 33
94 71 49
94 72 38
94 73 14
94 74 12
94 75 62
94 76 83
94 77 64
94 78 83
94 79 45
94 80 37
94 81 85
94 82 12
94 83 36
94 84 10
94 85 41
94 86 6
94 87 45
94 88 3
94 89 72
94 90 35
94 91 70
94 92 14
94 93 43
95 0 41
95 1 79
95 2 69
95 3 38
95 4 57
95 5 84
95 6 44
95 7 8
95 8 17
95 9 15
95 10 85
95 11 59
95 12 1
95 13 9
95 14 9
95 15 63
95 16 88
95 17 2
95 18 40
95 19 76
95 20 89
95 21 78
95 22 98
95 23 55
95 24 59
95 25 11
95 26 58
95 27 79
95 28 79
95 29 19
95 30 57
95 31 40
95 32 52
95 33 61
95 34 12
95 35 91
95 36 49
95 37 22
95 38 17
95 39 91
95 40 83
95 41 53
95 42 50
95 43 6
95 44 21
95 45 45
95 46 42
95 47 21
95 48 59
95 49 47
95 50 29
95 51 91
95 52 36
95 53 78
95 54 33
95 55 17
95 56 8
95 57 50
95 58 96
95 59 62
95 60 6
95 61 76
95 62 23
95 63 28
95 64 7
95 65 1
95 66 68
95 67 0
95 68 29
95 69 36
95 70 40
95 71 62
95 72 73
95 73 85
95 74 96
95 75 55
95 76 35
95 77 67
95 78 23
95 79 84
95 80 18
95 81 90
95 82 19
95 83 56
95 84 82
95 85 93
95 86 18
95 87 17
95 88 97
95 89 7
95 90 32
95 91 39
95 92 47
95 93 81
95 94 93
96 0 82
96 1 3
96 2 29
96 3 43
96 4 44
96 5 58
96 6 79
96 7 42
96 8 38
96 9 71
96 10 94
96 11 79
96 12 46
96 13 83
96 14 13
96 15 79
96 16 17
96 17 10
96 18 93
96 19 61
96 20 33
96 21 49
96 22 80
96 23 29
96 24 39
96 25 64
96 26 22
96 27 77
96 28 33
96 29 71
96 30 29
96 31 70
96 32 68
96 33 85
96 34 60
96 35 12
96 36 53
96 37 26
96 38 19
96 39 88
96 40 54
96 41 59
96 42 99
96 43 4
96 44 99
96 45 63
96 46 94
96 47 49
96 48 49
96 49 11
96 50 50
96 51 53
96 52 65
96 53 81
96 54 28
96 55 96
96 56 5
96 57 2
96 58 15
96 59 0
96 60 25
96 61 83
96 62 9
96 63 21
96 64 96
96 65 68
96 66 94
96 67 31
96 68 73
96 69 99
96 70 79
96 71 79
96 72 17
96 73 88
96 74 52
96 75 1
96 76 75
96 77 38
96 78 43
96 79 46
96 80 39
96 81 62
96 82 95
96 83 77
96 84 41
96 85 12
96 86 14
96 87 22
96 88 52
96 89 48
96 90 3
96 91 20
96 92 28
96 93 36
96 94 69
96 95 48
97 0 99
97 1 83
97 2 29
97 3 92
97 4 39
97 5 98
97 6 15
97 7 78
97 8 91
97 9 85
97 10 65
97 11 34
97 12 67
97 13 64
97 14 95
97 15 33
97 16 69
97 17 26
97 18 29
97 19 52
97 20 97
97 21 49
97 22 92
97 23 17
97 24 27
97 25 1
97 26 30
97 27 24
97 28 92
97 29 76
97 30 5
97 31 78
97 32 34
97 33 45
97 34 8
97 35 92
97 36 91
97 37 93
97 38 5
97 39 58
97 40 12
97 41 78
97 42 56
97 43 21
97 44 9
97 45 42
97 46 88
97 47 33
97 48 58
97 49 69
97 50 77
97 51 24
97 52 33
97 53 82
97 54 98
97 55 59
97 56 12
97 57 54
97 58 34
97 59 2
97 60 25
97 61 7
97 62 79
97 63 87
97 64 16
97 65 49
97 66 86
97 67 29
97 68 99
97 69 29
97 70 75
97 71 78
97 72 18
97 73 45
97 74 28
97 75 92
97 76 21
97 77 4
97 78 91
97 79 58
97 80 3
97 81 71
97 82 70
97 83 75
97 84 54
97 85 21
97 86 84
97 87 89
97 88 68
97 89 66
97 90 29
97 91 19
97 92 45
97 93 87
97 94 56
97 95 39
97 96 70
98 0 94
98 1 20
98 2 24
98 3 23
98 4 73
98 5 45
98 6 84
98 7 14
98 8 95
98 9 64
98 10 69
98 11 67
98 12 13
98 13 56
98 14 67
98 15 50
98 16 58
98 17 49
98 18 54
98 19 47
98 20 59
98 21 79
98 22 15
98 23 11
98 24 45
98 25 23
98 26 2
98 27 59
98 28 42
98 29 69
98 30 57
98 31 8
98 32 22
98 33 92
98 34 71
98 35 97
98 36 88
98 37 97
98 38 31
98 39 51
98 40 67
98 41 52
98 42 65
98 43 45
98 44 93
98 45 97
98 46 48
98 47 79
98 48 60
98 49 96
98 50 41
98 51 70
98 52 55
98 53 70
98 54 53
98 55 9
98 56 67
98 57 51
98 58 58
98 59 61
98 60 10
98 61 12
98 62 19
98 63 35
98 64 94
98 65 48
98 66 6
98 67 34
98 68 32
98 69 74
98 70 39
98 71 43
98 72 57
98 73 38
98 74 13
98 75 99
98 76 87
98 77 89
98 78 21
98 79 28
98 80 91
98 81 89
98 82 27
98 83 72
98 84 45
98 85 12
98 86 93
98 87 5
98 88 12
98 89 34
98 90 12
98 91 57
98 92 6
98 93 51
98 94 72
98 95 78
98 96 83
98 97 68
99 0 4
99 1 58
99 2 81
99 3 2
99 4 62
99 5 0
99 6 69
99 7 96
99 8 22
99 9 63
99 10 33
99 11 0
99 12 72
99 13 27
99 14 62
99 15 83
99 16 27
99 17 40
99 18 83
99 19 60
99 20 80
99 21 63
99 22 27
99 23 74
99 24 74
99 25 20
99 26 20
99 27 66
99 28 80
99 29 40
99 30 94
99 31 60
99 32 3
99 33 59
99 34 78
99 35 32
99 36 92
99 37 85
99 38 92
99 39 28
99 40 53
99 41 17
99 42 72
99 43 39
99 44 10
99 45 71
99 46 10
99 47 18
99 48 13
99 49 67
99 50 95
99 51 30
99 52 31
99 53 44
99 54 20
99 55 57
99 56 32
99 57 61
99 58 25
99 59 17
99 60 91
99 61 78
99 62 12
99 63 75
99 64 48
99 65 83
99 66 6
99 67 16
99 68 80
99 69 3
99 70 6
99 71 91
99 72 22
99 73 78
99 74 76
99 75 37
99 76 45
99 77 6
99 78 58
99 79 43
99 80 73
99 81 48
99 82 69
99 83 84
99 84 74
99 85 0
99 86 71
99 87 97
99 88 64
99 89 33
99 90 29
99 91 31
99 92 30
99 93 8
99 94 68
99 95 53
99 96 68
99 97 28
99 98 87
100 0 0
100 1 93
100 2 10
100 3 0
100 4 44
100 5 30
100 6 17
100 7 2
100 8 48
100 9 99
100 10 49
100 11 97
100 12 79
100 13 98
100 14 99
100 15 67
100 16 33
100 17 4
100 18 0
100 19 70
100 20 91
100 21 79
100 22 56
100 23 35
100 24 19
100 25 22
100 26 35
100 27 38
100 28 89
100 29 66
100 30 87
100 31 5
100 32 45
100 33 82
100 34 49
100 35 32
100 36 22
100 37 14
100 38 91
100 39 73
100 40 76
100 41 32
100 42 30
100 43 93
100 44 95
100 45 86
100 46 99
100 47 58
100 48 76
100 49 79
100 50 74
100 51 84
100 52 12
100 53 88
100 54 69
100 55 39
100 56 15
100 57 30
100 58 2
100 59 64
100 60 29
100 61 46
100 62 97
100 63 55
100 64 78
100 65 86
100 66 9
100 67 0
100 68 38
100 69 26
100 70 13
100 71 84
100 72 26
100 73 4
100 74 54
100 75 22
100 76 16
100 77 84
100 78 65
100 79 82
100 80 57
100 81 26
100 82 91
100 83 44
100 84 18
100 85 88
100 86 4
100 87 40
100 88 44
100 89 27
100 90 77
100 91 95
100 92 83
100 93 60
100 94 25
100 95 16
100 96 56
100 97 54
100 98 10
100 99 46
101 0 3
101 1 39
101 2 35
101 3 30
101 4 87
101 5 52
101 6 98
101 7 27
101 8 52
101 9 42
101 10 41
101 11 32
101 12 48
101 13 82
101 14 53
101 15 61
101 16 87
101 17 80
101 18 86
101 19 91
101 20 7
101 21 91
101 22 50
101 23 62
101 24 75
101 25 78
101 26 74
101 27 51
101 28 68
101 29 2
101 30 16
101 31 84
101 32 79
101 33 70
101 34 64
101 35 60
101 36 27
101 37 98
101 38 25
101 39 0
101 40 53
101 41 96
101 42 23
101 43 70
101 44 58
101 45 54
101 46 16
101 47 62
101 48 85
101 49 12
101 50 64
101 51 60
101 52 98
101 53 23
101 54 65
101 55 72
101 56 2
101 57 83
101 58 16
101 59 29
101 60 52
101 61 77
101 62 66
101 63 48
101 64 54
101 65 37
101 66 0
101 67 59
101 68 28
101 69 80
101 70 24
101 71 91
101 72 93
101 73 86
101 74 97
101 75 60
101 76 67
101 77 9
101 78 45
101 79 59
101 80 43
101 81 43
101 82 55
101 83 25
101 84 45
101 85 87
101 86 74
101 87 25
101 88 38
101 89 0
101 90 49
101 91 73
101 92 44
101 93 69
101 94 39
101 95 73
101 96 36
101 97 38
101 98 99
101 99 52
101 100 31
102 0 9
102 1 80
102 2 41
102 3 69
102 4 81
102 5 17
102 6 28
102 7 86
102 8 88
102 9 78
102 10 34
102 11 80
102 12 33
102 13 26
102 14 90
102 15 76
102 16 84
102 17 16
102 18 67
102 19 43
102 20 36
102 21 77
102 22 37
102 23 50
102 24 28
102 25 35
102 26 93
102 27 84
102 28 48
102 29 61
102 30 34
102 31 19
102 32 50
102 33 61
102 34 38
102 35 41
102 36 43
102 37 92
102 38 53
102 39 38
102 40 39
102 41 29
102 42 55
102 43 30
102 44 59
102 45 90
102 46 28
102 47 4
102 48 46
102 49 21
102 50 52
102 51 9
102 52 54
102 53 20
102 54 99
102 55 39
102 56 16
102 57 88
102 58 69
102 59 51
102 60 57
102 61 47
102 62 23
102 63 17
102 64 28
102 65 40
102 66 4
102 67 78
102 68 13
102 69 10
102 70 72
102 71 68
102 72 83
102 73 12
102 74 15
102 75 12
102 76 57
102 77 36
102 78 48
102 79 47
102 80 50
102 81 38
102 82 43
102 83 31
102 84 71
102 85 45
102 86 89
102 87 64
102 88 83
102 89 1
102 90 41
102 91 64
102 92 13
102 93 11
102 94 41
102 95 20
102 96 60
102 97 32
102 98 98
102 99 46
102 100 15
102 101 81
103 0 19
103 1 77
103 2 99
103 3 83
103 4 95
103 5 8
103 6 86
103 7 78
103 8 88
103 9 65
103 10 65
103 11 89
103 12 30
103 13 94
103 14 81
103 15 24
103 16 38
103 17 14
103 18 68
103 19 3
103 20 5
103 21 19
103 22 9
103 23 68
103 24 21
103 25 47
103 26 10
103 27 62
103 28 53
103 29 8
103 30 96
103 31 8
103 32 86
103 33 81
103 34 40
103 35 17
103 36 55
103 37 85
103 38 20
103 39 28
103 40 31
103 41 28
103 42 22
103 43 51
103 44 77
103 45 99
103 46 98
103 47 12
103 48 46
103 49 78
103 50 22
103 51 40
103 52 13
103 53 9
103 54 81
103 55 81
103 56 33
103 57 13
103 58 73
103 59 56
103 60 30
103 61 59
103 62 83
103 63 78
103 64 11
103 65 93
103 66 68
103 67 6
103 68 48
103 69 23
103 70 64
103 71 4
103 72 49
103 73 2
103 74 5
103 75 55
103 76 91
103 77 98
103 78 32
103 79 62
103 80 88
103 81 46
103 82 58
103 83 81
103 84 2
103 85 68
103 86 36
103 87 76
103 88 41
103 89 38
103 90 77
103 91 61
103 92 5
103 93 77
103 94 68
103 95 88
103 96 84
103 97 33
103 98 18
103 99 81
103 100 56
103 101 82
103 102 94
104 0 48
104 1 67
104 2 66
104 3 71
104 4 19
104 5 17
104 6 68
104 7 85
104 8 47
104 9 30
104 10 26
104 11 30
104 12 53
104 13 43
104 14 52
104 15 9
104 16 76
104 17 82
104 18 73
104 19 20
104 20 80
104 21 74
104 22 9
104 23 16
104 24 83
104 25 86
104 26 62
104 27 85
104 28 57
104 29 59
104 30 86
104 31 22
104 32 81
104 33 61
104 34 53
104 35 96
104 36 2
104 37 60
104 38 99
104 39 70
104 40 28
104 41 84
104 42 96
104 43 27
104 44 5
104 45 21
104 46 34
104 47 38
104 48 70
104 49 72
104 50 47
104 51 21
104 52 44
104 53 88
104 54 73
104 55 2
104 56 31
104 57 53
104 58 41
104 59 36
104 60 10
104 61 21
104 62 37
104 63 86
104 64 81
104 65 69
104 66 11
104 67 39
104 68 80
104 69 30
104 70 19
104 71 62
104 72 28
104 73 79
104 74 70
104 75 3
104 76 89
104 77 32
104 78 28
104 79 69
104 80 97
104 81 34
104 82 53
104 83 5
104 84 1
104 85 8
104 86 87
104 87 69
104 88 12
104 89 55
104 90 11
104 91 48
104 92 73
104 93 4
104 94 51
104 95 72
104 96 79
104 97 37
104 98 0
104 99 41
104 100 51
104 101 12
104 102 29
104 103 68
105 0 41
105 1 57
105 2 96
105 3 24
105 4 73
105 5 15
105 6 41
105 7 81
105 8 63
105 9 53
105 10 43
105 11 8
105 12 35
105 13 91
105 14 30
105 15 12
105 16 43
105 17 13
105 18 7
105 19 71
105 20 56
105 21 10
105 22 18
105 23 44
105 24 86
105 25 87
105 26 99
105 27 42
105 28 67
105 29 61
105 30 78
105 31 25
105 32 67
105 33 1
105 34 77
105 35 47
105 36 75
105 37 99
105 38 45
105 39 44
105 40 74
105 41 59
105 42 59
105 43 8
105 44 2
105 45 96
105 46 18
105 47 89
105 48 21
105 49 34
105 50 89
105 51 16
105 52 1
105 53 41
105 54 93
105 55 20
105 56 48
105 57 4
105 58 51
105 59 21
105 60 85
105 61 24
105 62 50
105 63 19
105 64 66
105 65 80
105 66 20
105 67 14
105 68 24
105 69 83
105 70 79
105 71 96
105 72 7
105 73 25
105 74 86
105 75 81
105 76 2
105 77 17
105 78 10
105 79 54
105 80 90
105 81 69
105 82 0
105 83 66
105 84 46
105 85 92
105 86 4
105 87 57
105 88 18
105 89 61
105 90 26
105 91 73
105 92 46
105 93 83
105 94 89
105 95 37
105 96 41
105 97 26
105 98 2
105 99 84
105 100 44
105 101 36
105 102 69
105 103 41
105 104 90
106 0 6
106 1 28
106 2 85
106 3 71
106 4 44
106 5 42
106 6 17
106 7 40
106 8 2
106 9 51
106 10 16
106 11 29
106 12 63
106 13 89
106 14 68
106 15 55
106 16 54
106 17 13
106 18 95
106 19 80
106 20 28
106 21 34
106 22 34
106 23 47
106 24 28
106 25 69
106 26 78
106 27 68
106 28 24
106 29 81
106 30 86
106 31 23
106 32 86
106 33 10
106 34 63
106 35 90
106 36 40
106 37 77
106 38 29
106 39 22
106 40 61
106 41 30
106 42 33
106 43 8
106 44 99
106 45 60
106 46 62
106 47 57
106 48 76
106 49 30
106 50 8
106 51 34
106 52 49
106 53 95
106 54 34
106 55 20
106 56 60
106 57 58
106 58 57
106 59 66
106 60 62
106 61 96
106 62 85
106 63 12
106 64 59
106 65 7
106 66 77
106 67 37
106 68 54
106 69 91
106 70 90
106 71 96
106 72 52
106 73 34
106 74 45
106 75 10
106 76 53
106 77 89
106 78 13
106 79 3
106 80 3
106 81 72
106 82 2
106 83 30
106 84 62
106 85 40
106 86 48
106 87 36
106 88 26
106 89 42
106 90 18
106 91 13
106 92 89
106 93 5
106 94 27
106 95 32
106 96 39
106 97 96
106 98 60
106 99 44
106 100 52
106 101 76
106 102 87
106 103 0
106 104 21
106 105 29
107 0 54
107 1 1
107 2 77
107 3 19
107 4 44
107 5 38
107 6 14
107 7 67
107 8 3
107 9 36
107 10 48
107 11 16
107 12 25
107 13 93
107 14 37
107 15 2
107 16 26
107 17 69
107 18 73
107 19 35
107 20 28
107 21 18
107 22 84
107 23 31
107 24 4
107 25 94
107 26 75
107 27 70
107 28 47
107 29 43
107 30 41
107 31 34
107 32 71
107 33 90
107 34 35
107 35 2
107 36 53
107 37 65
107 38 36
107 39 72
107 40 69
107 41 79
107 42 28
107 43 92
107 44 20
107 45 17
107 46 5
107 47 20
107 48 57
107 49 94
107 50 33
107 51 4
107 52 71
107 53 77
107 54 54
107 55 51
107 56 63
107 57 38
107 58 22
107 59 14
107 60 30
107 61 28
107 62 23
107 63 29
107 64 84
107 65 44
107 66 43
107 67 59
107 68 41
107 69 79
107 70 6
107 71 87
107 72 5
107 73 66
107 74 56
107 75 25
107 76 97
107 77 96
107 78 72
107 79 7
107 80 79
107 81 76
107 82 97
107 83 85
107 84 49
107 85 25
107 86 87
107 87 1
107 88 80
107 89 32
107 90 58
107 91 31
107 92 29
107 93 93
107 94 50
107 95 87
107 96 38
107 97 40
107 98 30
107 99 69
107 100 91
107 101 11
107 102 68
107 103 93
107 104 11
107 105 46
107 106 41
108 0 57
108 1 42
108 2 37
108 3 54
108 4 40
108 5 48
108 6 0
108 7 71
108 8 13
108 9 51
108 10 55
108 11 11
108 12 89
108 13 52
108 14 7
108 15 46
108 16 34
108 17 15
108 18 81
108 19 39
108 20 36
108 21 56
108 22 40
108 23 33
108 24 80
108 25 46
108 26 7
108 27 88
108 28 19
108 29 48
108 30 81
108 31 91
108 32 29
108 33 19
108 34 44
108 35 17
108 36 44
108 37 33
108 38 27
108 39 48
108 40 9
108 41 59
108 42 19
108 43 65
108 44 62
108 45 5
108 46 60
108 47 7
108 48 54
108 49 85
108 50 38
108 51 30
108 52 42
108 53 69
108 54 82
108 55 5
108 56 44
108 57 36
108 58 32
108 59 94
108 60 28
108 61 34
108 62 55
108 63 84
108 64 25
108 65 36
108 66 33
108 67 73
108 68 77
108 69 69
108 70 5
108 71 29
108 72 24
108 73 82
108 74 45
108 75 61
108 76 6
108 77 2
108 78 70
108 79 0
108 80 97
108 81 57
108 82 28
108 83 91
108 84 16
108 85 83
108 86 9
108 87 59
108 88 82
108 89 11
108 90 89
108 91 49
108 92 40
108 93 60
108 94 3
108 95 63
108 96 43
108 97 44
108 98 55
108 99 9
108 100 59
108 101 32
108 102 7
108 103 78
108 104 18
108 105 3
108 106 78
108 107 59
109 0 80
109 1 75
109 2 39
109 3 33
109 4 23
109 5 73
109 6 83
109 7 59
109 8 47
109 9 67
109 10 14
109 11 30
109 12 69
109 13 9
109 14 76
109 15 39
109 16 62
109 17 38
109 18 63
109 19 59
109 20 85
109 21 59
109 22 62
109 23 28
109 24 16
109 25 34
109 26 91
109 27 97
109 28 59
109 29 63
109 30 37
109 31 75
109 32 59
109 33 81
109 34 61
109 35 94
109 36 55
109 37 34
109 38 66
109 39 0
109 40 64
109 41 63
109 42 13
109 43 63
109 44 46
109 45 48
109 46 58
109 47 91
109 48 61
109 49 66
109 50 54
109 51 32
109 52 74
109 53 9
109 54 80
109 55 29
109 56 51
109 57 57
109 58 80
109 59 29
109 60 46
109 61 62
109 62 7
109 63 9
109 64 22
109 65 83
109 66 9
109 67 10
109 68 7
109 69 63
109 70 73
109 71 95
109 72 18
109 73 23
109 74 43
109 75 29
109 76 57
109 77 41
109 78 69
109 79 17
109 80 48
109 81 23
109 82 85
109 83 43
109 84 3
109 85 7
109 86 25
109 87 1
109 88 39
109 89 92
109 90 80
109 91 84
109 92 58
109 93 86
109 94 55
109 95 99
109 96 45
109 97 57
109 98 57
109 99 26
109 100 37
109 101 86
109 102 45
109 103 48
109 104 89
109 105 77
109 106 86
109 107 65
109 108 10
110 0 37
110 1 39
110 2 77
110 3 0
110 4 89
110 5 79
110 6 54
110 7 94
110 8 46
110 9 30
110 10 50
110 11 50
110 12 25
110 13 10
110 14 90
110 15 28
110 16 60
110 17 62
110 18 5
110 19 35
110 20 21
110 21 17
110 22 22
110 23 35
110 24 42
110 25 20
110 26 27
110 27 24
110 28 14
110 29 12
110 30 34
110 31 64
110 32 83
110 33 46
110 34 78
110 35 90
110 36 87
110 37 28
110 38 41
110 39 2
110 40 20
110 41 2
110 42 45
110 43 95
110 44 30
110 45 63
110 46 70
110 47 47
110 48 31
110 49 91
110 50 6
110 51 78
110 52 97
110 53 7
110 54 34
110 55 19
110 56 21
110 57 97
110 58 23
110 59 91
110 60 99
110 61 60
110 62 20
110 63 44
110 64 22
110 65 85
110 66 86
110 67 63
110 68 55
110 69 75
110 70 44
110 71 21
110 72 75
110 73 6
110 74 93
110 75 96
110 76 96
110 77 93
110 78 45
110 79 81
110 80 64
110 81 77
110 82 40
110 83 20
110 84 86
110 85 43
110 86 22
110 87 75
110 88 17
110 89 34
110 90 33
110 91 64
110 92 8
110 93 26
110 94 37
110 95 73
110 96 3
110 97 79
110 98 68
110 99 17
110 100 35
110 101 14
110 102 35
110 103 39
110 104 79
110 105 72
110 106 37
110 107 83
110 108 77
110 109 24
111 0 58
111 1 25
111 2 76
111 3 33
111 4 49
111 5 68
111 6 78
111 7 56
111 8 47
111 9 7
111 10 19
111 11 64
111 12 75
111 13 35
111 14 93
111 15 95
111 16 71
111 17 36
111 18 22
111 19 96
111 20 64
111 21 21
111 22 97
111 23 21
111 24 18
111 25 96
111 26 18
111 27 25
111 28 80
111 29 15
111 30 70
111 31 85
111 32 28
111 33 76
111 34 87
111 35 96
111 36 66
111 37 15
111 38 80
111 39 32
111 40 82
111 41 16
111 42 15
111 43 45
111 44 25
111 45 42
111 46 68
111 47 82
111 48 45
111 49 68
111 50 92
111 51 6
111 52 75
111 53 60
111 54 78
111 55 9
111 56 42
111 57 83
111 58 17
111 59 46
111 60 33
111 61 26
111 62 8
111 63 71
111 64 28
111 65 35
111 66 98
111 67 87
111 68 16
111 69 98
111 70 79
111 71 78
111 72 43
111 73 13
111 74 32
111 75 25
111 76 72
111 77 33
111 78 21
111 79 7
111 80 3
111 81 63
111 82 28
111 83 53
111 84 81
111 85 89
111 86 54
111 87 5
111 88 55
111 89 59
111 90 92
111 91 50
111 92 87
111 93 99
111 94 95
111 95 29
111 96 81
111 97 24
111 98 93
111 99 0
111 100 45
111 101 69
111 102 15
111 103 17
111 104 47
111 105 40
111 106 91
111 107 39
111 108 10
111 109 47
111 110 55
112 0 95
112 1 30
112 2 13
112 3 67
112 4 58
112 5 87
112 6 35
112 7 35
112 8 54
112 9 66
112 10 94
112 11 15
112 12 96
112 13 15
112 14 56
112 15 45
112 16 65
112 17 92
112 18 46
112 19 71
112 20 13
112 21 79
112 22 3
112 23 94
112 24 1
112 25 97
112 26 34
112 27 92
112 28 27
112 29 47
112 30 22
112 31 44
112 32 95
112 33 91
112 34 71
112 35 8
112 36 43
112 37 83
112 38 2
112 39 80
112 40 51
112 41 46
112 42 33
112 43 18
112 44 17
112 45 94
112 46 84
112 47 69
112 48 84
112 49 98
112 50 48
112 51 97
112 52 31
112 53 1
112 54 23
112 55 15
112 56 54
112 57 88
112 58 2
112 59 25
112 60 81
112 61 40
112 62 32
112 63 29
112 64 30
112 65 88
112 66 33
112 67 74
112 68 86
112 69 44
112 70 17
112 71 43
112 72 91
112 73 47
112 74 98
112 75 10
112 76 79
112 77 53
112 78 82
112 79 63
112 80 45
112 81 44
112 82 30
112 83 80
112 84 46
112 85 54
112 86 50
112 87 30
112 88 37
112 89 40
112 90 30
112 91 6
112 92 11
112 93 57
112 94 41
112 95 23
112 96 69
112 97 59
112 98 56
112 99 11
112 100 90
112 101 41
112 102 94
112 103 41
112 104 50
112 105 48
112 106 97
112 107 25
112 108 62
112 109 45
112 110 28
112 111 43
113 0 51
113 1 86
113 2 64
113 3 74
113 4 26
113 5 75
113 6 86
113 7 22
113 8 43
113 9 56
113 10 12
113 11 32
113 12 43
113 13 64
113 14 92
113 15 54
113 16 26
113 17 85
113 18 88
113 19 92
113 20 91
113 21 90
113 22 21
113 23 51
113 24 90
113 25 21
113 26 71
113 27 96
113 28 69
113 29 49
113 30 79
113 31 89
113 32 58
113 33 16
113 34 42
113 35 12
113 36 29
113 37 47
113 38 12
113 39 12
113 40 10
113 41 6
113 42 4
113 43 69
113 44 38
113 45 33
113 46 9
113 47 25
113 48 81
113 49 31
113 50 37
113 51 69
113 52 79
113 53 10
113 54 79
113 55 24
113 56 85
113 57 35
113 58 64
113 59 48
113 60 53
113 61 92
113 62 89
113 63 24
113 64 7
113 65 14
113 66 57
113 67 54
113 68 41
113 69 79
113 70 16
113 71 93
113 72 62
113 73 33
113 74 8
113 75 60
113 76 35
113 77 81
113 78 39
113 79 3
113 80 28
113 81 14
113 82 53
113 83 33
113 84 52
113 85 27
113 86 78
113 87 31
113 88 79
113 89 68
113 90 12
113 91 26
113 92 82
113 93 98
113 94 58
113 95 10
113 96 88
113 97 28
113 98 95
113 99 69
113 100 40
113 101 10
113 102 47
113 103 85
113 104 80
113 105 88
113 106 76
113 107 60
113 108 23
113 109 32
113 110 3
113 111 28
113 112 49
114 0 84
114 1 40
114 2 3
114 3 90
114 4 79
114 5 25
114 6 35
114 7 61
114 8 57
114 9 64
114 10 36
114 11 14
114 12 58
114 13 2
114 14 77
114 15 24
114 16 69
114 17 63
114 18 33
114 19 83
114 20 44
114 21 94
114 22 12
114 23 90
114 24 86
114 25 38
114 26 95
114 27 32
114 28 98
114 29 85
114 30 56
114 31 10
114 32 48
114 33 96
114 34 48
114 35 54
114 36 68
114 37 12
114 38 77
114 39 71
114 40 67
114 41 23
114 42 20
114 43 8
114 44 35
114 45 49
114 46 72
114 47 81
114 48 43
114 49 38
114 50 64
114 51 20
114 52 97
114 53 81
114 54 16
114 55 79
114 56 91
114 57 63
114 58 47
114 59 58
114 60 95
114 61 37
114 62 17
114 63 87
114 64 0
114 65 72
114 66 21
114 67 19
114 68 22
114 69 34
114 70 5
114 71 31
114 72 86
114 73 16
114 74 52
114 75 55
114 76 81
114 77 59
114 78 32
114 79 5
114 80 4
114 81 43
114 82 70
114 83 33
114 84 82
114 85 5
114 86 84
114 87 40
114 88 23
114 89 35
114 90 64
114 91 1
114 92 77
114 93 16
114 94 7
114 95 9
114 96 93
114 97 58
114 98 30
114 99 15
114 100 90
114 101 24
114 102 8
114 103 95
114 104 48
114 105 86
114 106 61
114 107 36
114 108 92
114 109 75
114 110 86
114 111 79
114 112 23
114 113 40
115 0 30
115 1 99
115 2 12
115 3 80
115 4 2
115 5 33
115 6 88
115 7 60
115 8 92
115 9 42
115 10 95
115 11 41
115 12 96
115 13 34
115 14 21
115 15 98
115 16 25
115 17 12
115 18 57
115 19 21
115 20 92
115 21 30
115 22 74
115 23 11
115 24 77
115 25 0
115 26 75
115 27 87
115 28 81
115 29 10
115 30 97
115 31 62
115 32 95
115 33 78
115 34 30
115 35 18
115 36 44
115 37 83
115 38 41
115 39 96
115 40 38
115 41 30
115 42 89
115 43 74
115 44 68
115 45 48
115 46 40
115 47 27
115 48 16
115 49 15
115 50 88
115 51 62
115 52 72
115 53 19
115 54 46
115 55 44
115 56 4
115 57 80
115 58 51
115 59 34
115 60 29
115 61 40
115 62 74
115 63 59
115 64 19
115 65 27
115 66 64
115 67 32
115 68 68
115 69 91
115 70 65
115 71 13
115 72 52
115 73 9
115 74 93
115 75 36
115 76 83
115 77 83
115 78 1
115 79 26
115 80 13
115 81 92
115 82 94
115 83 91
115 84 87
115 85 94
115 86 3
115 87 87
115 88 16
115 89 15
115 90 76
115 91 22
115 92 86
115 93 81
115 94 2
115 95 71
115 96 8
115 97 38
115 98 8
115 99 59
115 100 58
115 101 78
115 102 83
115 103 64
115 104 36
115 105 57
115 106 73
115 107 31
115 108 67
115 109 68
115 110 20
115 111 19
115 112 91
115 113 24
115 114 26
116 0 5
116 1 50
116 2 83
116 3 56
116 4 76
116 5 78
116 6 15
116 7 94
116 8 74
116 9 49
116 10 74
116 11 8
116 12 30
116 13 4
116 14 1
116 15 23
116 16 21
116 17 71
116 18 54
116 19 84
116 20 1
116 21 82
116 22 57
116 23 90
116 24 15
116 25 19
116 26 4
116 27 60
116 28 76
116 29 82
116 30 84
116 31 91
116 32 16
116 33 13
116 34 95
116 35 41
116 36 8
116 37 95
116 38 36
116 39 2
116 40 96
116 41 82
116 42 74
116 43 0
116 44 80
116 45 84
116 46 95
116 47 72
116 48 93
116 49 26
116 50 2
116 51 90
116 52 98
116 53 27
116 54 94
116 55 82
116 56 70
116 57 56
116 58 55
116 59 54
116 60 57
116 61 90
116 62 31
116 63 94
116 64 40
116 65 59
116 66 23
116 67 83
116 68 76
116 69 85
116 70 96
116 71 58
116 72 75
116 73 66
116 74 64
116 75 91
116 76 33
116 77 89
116 78 95
116 79 70
116 80 11
116 81 6
116 82 4
116 83 30
116 84 13
116 85 41
116 86 73
116 87 80
116 88 19
116 89 69
116 90 77
116 91 37
116 92 66
116 93 32
116 94 45
116 95 5
116 96 16
116 97 28
116 98 69
116 99 94
116 100 44
116 101 71
116 102 98
116 103 99
116 104 4
116 105 76
116 106 86
116 107 55
116 108 37
116 109 78
116 110 18
116 111 66
116 112 99
116 113 89
116 114 74
116 115 54
117 0 60
117 1 33
117 2 62
117 3 39
117 4 60
117 5 14
117 6 65
117 7 12
117 8 46
117 9 3
117 10 70
117 11 55
117 12 39
117 13 53
117 14 2
117 15 94
117 16 33
117 17 9
117 18 93
117 19 91
117 20 23
117 21 78
117 22 1
117 23 98
117 24 79
117 25 5
117 26 83
117 27 49
117 28 20
117 29 6
117 30 31
117 31 63
117 32 25
117 33 90
117 34 65
117 35 4
117 36 19
117 37 24
117 38 21
117 39 40
117 40 84
117 41 68
117 42 95
117 43 47
117 44 33
117 45 33
117 46 38
117 47 57
117 48 46
117 49 30
117 50 60
117 51 1
117 52 93
117 53 56
117 54 80
117 55 65
117 56 9
117 57 24
117 58 97
117 59 76
117 60 53
117 61 23
117 62 86
117 63 70
117 64 88
117 65 32
117 66 14
117 67 91
117 68 40
117 69 47
117 70 58
117 71 57
117 72 54
117 73 76
117 74 51
117 75 5
117 76 36
117 77 28
117 78 39
117 79 78
117 80 6
117 81 15
117 82 14
117 83 0
117 84 90
117 85 61
117 86 8
117 87 65
117 88 87
117 89 16
117 90 72
117 91 25
117 92 98
117 93 46
117 94 62
117 95 79
117 96 82
117 97 1
117 98 89
117 99 2
117 100 89
117 101 7
117 102 17
117 103 6
117 104 71
117 105 3
117 106 39
117 107 34
117 108 15
117 109 72
117 110 47
117 111 71
117 112 26
117 113 91
117 114 39
117 115 79
117 116 31
118 0 88
118 1 20
118 2 19
118 3 58
118 4 42
118 5 64
118 6 80
118 7 1
118 8 53
118 9 31
118 10 93
118 11 73
118 12 64
118 13 64
118 14 60
118 15 91
118 16 93
118 17 20
118 18 8
118 19 88
118 20 15
118 21 84
118 22 20
118 23 9
118 24 24
118 25 34
118 26 90
118 27 4
118 28 54
118 29 39
118 30 6
118 31 13
118 32 74
118 33 66
118 34 43
118 35 56
118 36 21
118 37 30
118 38 32
118 39 8
118 40 49
118 41 86
118 42 52
118 43 68
118 44 55
118 45 75
118 46 69
118 47 87
118 48 72
118 49 40
118 50 47
118 51 97
118 52 62
118 53 3
118 54 42
118 55 89
118 56 33
118 57 84
118 58 73
118 59 36
118 60 13
118 61 31
118 62 94
118 63 90
118 64 24
118 65 92
118 66 44
118 67 21
118 68 37
118 69 25
118 70 8
118 71 41
118 72 49
118 73 29
118 74 85
118 75 42
118 76 30
118 77 17
118 78 0
118 79 17
118 80 25
118 81 97
118 82 87
118 83 73
118 84 91
118 85 13
118 86 15
118 87 54
118 88 31
118 89 96
118 90 13
118 91 65
118 92 65
118 93 42
118 94 0
118 95 68
118 96 62
118 97 50
118 98 50
118 99 52
118 100 61
118 101 10
118 102 29
118 103 1
118 104 83
118 105 87
118 106 97
118 107 95
118 108 50
118 109 59
118 110 3
118 111 32
118 112 10
118 113 85
118 114 8
118 115 36
118 116 86
118 117 53
119 0 60
119 1 40
119 2 55
119 3 13
119 4 51
119 5 44
119 6 92
119 7 46
119 8 51
119 9 24
119 10 3
119 11 36
119 12 62
119 13 83
119 14 8
119 15 91
119 16 87
119 17 97
119 18 30
119 19 58
119 20 75
119 21 33
119 22 97
119 23 93
119 24 44
119 25 23
119 26 53
119 27 17
119 28 72
119 29 32
119 30 38
119 31 38
119 32 92
119 33 66
119 34 87
119 35 76
119 36 2
119 37 32
119 38 80
119 39 22
119 40 92
119 41 55
119 42 58
119 43 49
119 44 27
119 45 79
119 46 16
119 47 83
119 48 52
119 49 96
119 50 71
119 51 70
119 52 19
119 53 72
119 54 0
119 55 5
119 56 63
119 57 84
119 58 54
119 59 98
119 60 15
119 61 51
119 62 32
119 63 31
119 64 42
119 65 93
119 66 29
119 67 1
119 68 96
119 69 11
119 70 70
119 71 31
119 72 56
119 73 47
119 74 55
119 75 74
119 76 44
119 77 62
119 78 46
119 79 99
119 80 0
119 81 2
119 82 71
119 83 80
119 84 5
119 85 72
119 86 1
119 87 62
119 88 63
119 89 92
119 90 31
119 91 24
119 92 55
119 93 61
119 94 63
119 95 47
119 96 96
119 97 17
119 98 87
119 99 89
119 100 47
119 101 31
119 102 25
119 103 31
119 104 66
119 105 71
119 106 89
119 107 97
119 108 87
119 109 60
119 110 13
119 111 63
119 112 68
119 113 58
119 114 88
119 115 87
119 116 63
119 117 88
119 118 38
120 0 41
120 1 19
120 2 20
120 3 78
120 4 3
120 5 36
120 6 68
120 7 79
120 8 78
120 9 63
120 10 84
120 11 2
120 12 46
120 13 55
120 14 75
120 15 33
120 16 1
120 17 60
120 18 7
120 19 0
120 20 36
120 21 60
120 22 83
120 23 38
120 24 47
120 25 36
120 26 73
120 27 1
120 28 71
120 29 89
120 30 54
120 31 52
120 32 65
120 33 16
120 34 66
120 35 55
120 36 2
120 37 89
120 38 7
120 39 44
120 40 44
120 41 67
120 42 30
120 43 81
120 44 46
120 45 18
120 46 53
120 47 24
120 48 4
120 49 34
120 50 89
120 51 73
120 52 3
120 53 72
120 54 17
120 55 26
120 56 36
120 57 28
120 58 75
120 59 68
120 60 67
120 61 74
120 62 87
120 63 24
120 64 80
120 65 7
120 66 14
120 67 0
120 68 26
120 69 26
120 70 52
120 71 30
120 72 67
120 73 67
120 74 45
120 75 79
120 76 4
120 77 85
120 78 22
120 79 19
120 80 65
120 81 22
120 82 72
120 83 60
120 84 90
120 85 36
120 86 57
120 87 71
120 88 16
120 89 46
120 90 88
120 91 9
120 92 47
120 93 64
120 94 20
120 95 34
120 96 46
120 97 3
120 98 19
120 99 68
120 100 5
120 101 46
120 102 50
120 103 34
120 104 74
120 105 94
120 106 64
120 107 81
120 108 82
120 109 21
120 110 27
120 111 2
120 112 82
120 113 88
120 114 36
120 115 32
120 116 78
120 117 1
120 118 46
120 119 83
121 0 88
121 1 20
121 2 36
121 3 8
121 4 45
121 5 44
121 6 51
121 7 44
121 8 54
121 9 81
121 10 14
121 11 91
121 12 29
121 13 84
121 14 89
121 15 16
121 16 25
121 17 25
121 18 80
121 19 28
121 20 18
121 21 6
121 22 70
121 23 17
121 24 55
121 25 55
121 26 0
121 27 53
121 28 71
121 29 2
121 30 58
121 31 38
121 32 5
121 33 92
121 34 69
121 35 48
121 36 93
121 37 43
121 38 33
121 39 9
121 40 78
121 41 21
121 42 41
121 43 66
121 44 85
121 45 67
121 46 78
121 47 67
121 48 56
121 49 68
121 50 86
121 51 60
121 52 81
121 53 52
121 54 2
121 55 90
121 56 46
121 57 51
121 58 73
121 59 83
121 60 60
121 61 32
121 62 95
121 63 63
121 64 35
121 65 19
121 66 14
121 67 66
121 68 90
121 69 69
121 70 72
121 71 11
121 72 38
121 73 68
121 74 18
121 75 70
121 76 36
121 77 8
121 78 64
121 79 98
121 80 65
121 81 85
121 82 40
121 83 81
121 84 47
121 85 54
121 86 42
121 87 73
121 88 57
121 89 83
121 90 23
121 91 1
121 92 5
121 93 49
121 94 6
121 95 34
121 96 52
121 97 3
121 98 55
121 99 36
121 100 92
121 101 66
121 102 61
121 103 20
121 104 96
121 105 14
121 106 12
121 107 96
121 108 18
121 109 17
121 110 65
121 111 57
121 112 6
121 113 33
121 114 54
121 115 59
121 116 8
121 117 51
121 118 21
121 119 22
121 120 41
122 0 35
122 1 73
122 2 53
122 3 47
122 4 3
122 5 44
122 6 7
122 7 47
122 8 46
122 9 34
122 10 71
122 11 31
122 12 0
122 13 35
122 14 76
122 15 78
122 16 16
122 17 56
122 18 15
122 19 60
122 20 44
122 21 36
122 22 69
122 23 16
122 24 28
122 25 6
122 26 39
122 27 95
122 28 33
122 29 49
122 30 90
122 31 33
122 32 93
122 33 22
122 34 32
122 35 43
122 36 83
122 37 36
122 38 67
122 39 68
122 40 30
122 41 82
122 42 59
122 43 53
122 44 59
122 45 50
122 46 98
122 47 17
122 48 27
122 49 81
122 50 64
122 51 35
122 52 37
122 53 51
122 54 4
122 55 69
122 56 42
122 57 89
122 58 90
122 59 35
122 60 51
122 61 6
122 62 48
122 63 7
122 64 92
122 65 94
122 66 73
122 67 23
122 68 98
122 69 84
122 70 13
122 71 80
122 72 19
122 73 63
122 74 18
122 75 87
122 76 97
122 77 93
122 78 23
122 79 23
122 80 56
122 81 69
122 82 59
122 83 32
122 84 40
122 85 20
122 86 62
122 87 47
122 88 17
122 89 64
122 90 73
122 91 33
122 92 70
122 93 64
122 94 36
122 95 56
122 96 88
122 97 6
122 98 83
122 99 83
122 100 74
122 101 86
122 102 55
122 103 60
122 104 93
122 105 62
122 106 76
122 107 36
122 108 81
122 109 6
122 110 59
122 111 77
122 112 58
122 113 45
122 114 34
122 115 51
122 116 98
122 117 19
122 118 96
122 119 44
122 120 9
122 121 59
123 0 36
123 1 70
123 2 35
123 3 28
123 4 29
123 5 3
123 6 63
123 7 65
123 8 87
123 9 86
123 10 89
123 11 91
123 12 46
123 13 3
123 14 1
123 15 79
123 16 79
123 17 93
123 18 82
123 19 47
123 20 76
123 21 50
123 22 45
123 23 80
123 24 0
123 25 30
123 26 2
123 27 60
123 28 46
123 29 94
123 30 55
123 31 82
123 32 30
123 33 37
123 34 68
123 35 3
123 36 40
123 37 31
123 38 40
123 39 90
123 40 4
123 41 3
123 42 13
123 43 69
123 44 33
123 45 66
123 46 41
123 47 61
123 48 21
123 49 85
123 50 79
123 51 68
123 52 10
123 53 51
123 54 16
123 55 27
123 56 34
123 57 89
123 58 52
123 59 71
123 60 12
123 61 17
123 62 63
123 63 57
123 64 56
123 65 84
123 66 88
123 67 90
123 68 41
123 69 40
123 70 38
123 71 58
123 72 50
123 73 74
123 74 96
123 75 10
123 76 36
123 77 26
123 78 63
123 79 53
123 80 2
123 81 33
123 82 92
123 83 23
123 84 2
123 85 92
123 86 27
123 87 80
123 88 96
123 89 5
123 90 46
123 91 13
123 92 36
123 93 96
123 94 34
123 95 93
123 96 33
123 97 6
123 98 57
123 99 1
123 100 5
123 101 31
123 102 43
123 103 74
123 104 59
123 105 88
123 106 62
123 107 52
123 108 53
123 109 74
123 110 0
123 111 76
123 112 6
123 113 52
123 114 43
123 115 94
123 116 54
123 117 87
123 118 68
123 119 55
123 120 59
123 121 9
123 122 90
124 0 12
124 1 26
124 2 82
124 3 99
124 4 74
124 5 90
124 6 39
124 7 49
124 8 5
124 9 83
124 10 8
124 11 6
124 12 70
124 13 36
124 14 99
124 15 39
124 16 27
124 17 85
124 18 25
124 19 26
124 20 28
124 21 14
124 22 62
124 23 34
124 24 52
124 25 14
124 26 67
124 27 82
124 28 2
124 29 77
124 30 11
124 31 47
124 32 25
124 33 92
124 34 14
124 35 90
124 36 69
124 37 86
124 38 97
124 39 49
124 40 93
124 41 0
124 42 17
124 43 67
124 44 21
124 45 32
124 46 56
124 47 9
124 48 37
124 49 91
124 50 58
124 51 29
124 52 13
124 53 26
124 54 30
124 55 58
124 56 33
124 57 89
124 58 31
124 59 95
124 60 36
124 61 72
124 62 41
124 63 90
124 64 22
124 65 11
124 66 75
124 67 32
124 68 80
124 69 57
124 70 19
124 71 67
124 72 73
124 73 75
124 74 99
124 75 5
124 76 97
124 77 40
124 78 68
124 79 88
124 80 51
124 81 67
124 82 77
124 83 23
124 84 93
124 85 26
124 86 38
124 87 32
124 88 45
124 89 73
124 90 8
124 91 81
124 92 99
124 93 43
124 94 32
124 95 98
124 96 5
124 97 22
124 98 65
124 99 57
124 100 99
124 101 78
124 102 53
124 103 90
124 104 88
124 105 71
124 106 73
124 107 11
124 108 32
124 109 27
124 110 86
124 111 22
124 112 34
124 113 47
124 114 2
124 115 72
124 116 66
124 117 57
124 118 75
124 119 55
124 120 2
124 121 14
124 122 58
124 123 45