0 1 54
1 2 5
2 0 1
3 0 68
3 1 46
3 2 36
4 0 40
4 1 65
4 2 87
4 3 99
5 0 71
5 1 55
5 2 68
5 3 0
5 4 48
6 0 52
6 1 16
6 2 66
6 3 75
6 4 44
6 5 77
7 0 49
7 1 86
7 2 21
7 3 83
7 4 62
7 5 48
7 6 23
8 0 20
8 1 28
8 2 78
8 3 58
8 4 8
8 5 68
8 6 23
8 7 32
9 0 96
9 1 10
9 2 30
9 3 38
9 4 11
9 5 77
9 6 52
9 7 33
9 8 94
10 0 35
10 1 68
10 2 49
10 3 90
10 4 4
10 5 76
10 6 67
10 7 50
10 8 39
10 9 5
11 0 23
11 1 92
11 2 18
11 3 21
11 4 87
11 5 79
11 6 1
11 7 55
11 8 96
11 9 57
11 10 37
12 0 60
12 1 30
12 2 61
12 3 48
12 4 22
12 5 42
12 6 99
12 7 32
12 8 73
12 9 66
12 10 90
12 11 82
13 0 32
13 1 71
13 2 71
13 3 35
13 4 91
13 5 37
13 6 6
13 7 40
13 8 81
13 9 78
13 10 35
13 11 43
13 12 8
14 0 71
14 1 67
14 2 80
14 3 22
14 4 68
14 5 1
14 6 61
14 7 96
14 8 40
14 9 41
14 10 66
14 11 16
14 12 22
14 13 51
15 0 36
15 1 58
15 2 94
15 3 19
15 4 0
15 5 6
15 6 61
15 7 24
15 8 61
15 9 0
15 10 83
15 11 82
15 12 0
15 13 16
15 14 23
16 0 47
16 1 66
16 2 20
16 3 71
16 4 67
16 5 56
16 6 53
16 7 67
16 8 41
16 9 12
16 10 27
16 11 71
16 12 23
16 13 82
16 14 84
16 15 66
17 0 15
17 1 55
17 2 46
17 3 81
17 4 44
17 5 64
17 6 13
17 7 54
17 8 59
17 9 67
17 10 79
17 11 97
17 12 26
17 13 73
17 14 71
17 15 29
17 16 68
18 0 4
18 1 18
18 2 16
18 3 89
18 4 75
18 5 11
18 6 47
18 7 81
18 8 65
18 9 31
18 10 78
18 11 39
18 12 80
18 13 48
18 14 46
18 15 6
18 16 97
18 17 72
19 0 93
19 1 95
19 2 99
19 3 6
19 4 80
19 5 62
19 6 27
19 7 89
19 8 55
19 9 81
19 10 96
19 11 54
19 12 62
19 13 72
19 14 23
19 15 13
19 16 52
19 17 57
19 18 73
20 0 46
20 1 46
20 2 74
20 3 23
20 4 76
20 5 1
20 6 63
20 7 5
20 8 83
20 9 91
20 10 45
20 11 84
20 12 75
20 13 87
20 14 69
20 15 19
20 16 88
20 17 92
20 18 42
20 19 31
21 0 83
21 1 82
21 2 78
21 3 1
21 4 41
21 5 63
21 6 20
21 7 24
21 8 79
21 9 58
21 10 21
21 11 41
21 12 20
21 13 18
21 14 80
21 15 55
21 16 40
21 17 39
21 18 21
21 19 80
21 20 49
22 0 81
22 1 30
22 2 47
22 3 28
22 4 45
22 5 49
22 6 12
22 7 42
22 8 14
22 9 4
22 10 41
22 11 53
22 12 23
22 13 74
22 14 41
22 15 13
22 16 57
22 17 46
22 18 51
22 19 2
22 20 79
22 21 83
23 0 10
23 1 54
23 2 3
23 3 49
23 4 57
23 5 66
23 6 39
23 7 33
23 8 54
23 9 40
23 10 68
23 11 28
23 12 52
23 13 96
23 14 15
23 15 50
23 16 34
23 17 95
23 18 22
23 19 50
23 20 64
23 21 86
23 22 54
24 0 95
24 1 51
24 2 24
24 3 85
24 4 55
24 5 26
24 6 49
24 7 85
24 8 65
24 9 68
24 10 0
24 11 12
24 12 40
24 13 50
24 14 34
24 15 11
24 16 80
24 17 69
24 18 69
24 19 23
24 20 94
24 21 42
24 22 20
24 23 88