0 1 95
1 2 7
2 0 20
3 0 7
3 1 8
3 2 90
4 0 68
4 1 50
4 2 14
4 3 49
5 0 7
5 1 57
5 2 57
5 3 98
5 4 3
6 0 0
6 1 61
6 2 42
6 3 87
6 4 60
6 5 2
7 0 21
7 1 81
7 2 0
7 3 61
7 4 41
7 5 2
7 6 94
8 0 93
8 1 51
8 2 50
8 3 5
8 4 13
8 5 10
8 6 6
8 7 20
9 0 22
9 1 75
9 2 91
9 3 75
9 4 45
9 5 9
9 6 4
9 7 28
9 8 86
10 0 36
10 1 68
10 2 61
10 3 52
10 4 5
10 5 6
10 6 41
10 7 63
10 8 96
10 9 48
11 0 82
11 1 73
11 2 20
11 3 22
11 4 6
11 5 63
11 6 37
11 7 19
11 8 37
11 9 94
11 10 70
12 0 15
12 1 6
12 2 51
12 3 45
12 4 49
12 5 94
12 6 60
12 7 49
12 8 87
12 9 86
12 10 47
12 11 76
13 0 72
13 1 73
13 2 55
13 3 73
13 4 78
13 5 85
13 6 54
13 7 2
13 8 72
13 9 8
13 10 72
13 11 80
13 12 82
14 0 95
14 1 76
14 2 57
14 3 16
14 4 46
14 5 71
14 6 50
14 7 19
14 8 11
14 9 19
14 10 65
14 11 61
14 12 35
14 13 25
15 0 99
15 1 33
15 2 35
15 3 83
15 4 11
15 5 27
15 6 96
15 7 81
15 8 58
15 9 76
15 10 35
15 11 4
15 12 66
15 13 6
15 14 80
16 0 84
16 1 30
16 2 11
16 3 95
16 4 85
16 5 6
16 6 68
16 7 68
16 8 51
16 9 4
16 10 66
16 11 93
16 12 42
16 13 69
16 14 64
16 15 50
17 0 2
17 1 59
17 2 79
17 3 96
17 4 39
17 5 45
17 6 50
17 7 3
17 8 57
17 9 81
17 10 45
17 11 56
17 12 99
17 13 94
17 14 76
17 15 49
17 16 77
18 0 97
18 1 57
18 2 47
18 3 12
18 4 30
18 5 13
18 6 53
18 7 6
18 8 74
18 9 81
18 10 92
18 11 67
18 12 26
18 13 25
18 14 12
18 15 41
18 16 46
18 17 34
19 0 38
19 1 6
19 2 23
19 3 81
19 4 38
19 5 27
19 6 82
19 7 24
19 8 10
19 9 42
19 10 47
19 11 96
19 12 18
19 13 66
19 14 87
19 15 98
19 16 36
19 17 10
19 18 64
20 0 28
20 1 31
20 2 87
20 3 5
20 4 98
20 5 22
20 6 45
20 7 44
20 8 70
20 9 40
20 10 5
20 11 76
20 12 11
20 13 28
20 14 97
20 15 88
20 16 21
20 17 90
20 18 83
20 19 48
21 0 81
21 1 71
21 2 28
21 3 55
21 4 19
21 5 82
21 6 48
21 7 71
21 8 0
21 9 56
21 10 52
21 11 0
21 12 76
21 13 5
21 14 61
21 15 92
21 16 13
21 17 96
21 18 19
21 19 86
21 20 43
22 0 46
22 1 15
22 2 56
22 3 94
22 4 7
22 5 48
22 6 53
22 7 91
22 8 4
22 9 11
22 10 74
22 11 84
22 12 53
22 13 54
22 14 54
22 15 1
22 16 89
22 17 60
22 18 0
22 19 83
22 20 96
22 21 42
23 0 76
23 1 86
23 2 68
23 3 82
23 4 46
23 5 61
23 6 71
23 7 46
23 8 20
23 9 87
23 10 9
23 11 20
23 12 15
23 13 17
23 14 94
23 15 38
23 16 9
23 17 25
23 18 8
23 19 78
23 20 38
23 21 89
23 22 71
24 0 47
24 1 38
24 2 99
24 3 23
24 4 63
24 5 44
24 6 23
24 7 59
24 8 51
24 9 91
24 10 50
24 11 47
24 12 77
24 13 92
24 14 26
24 15 14
24 16 38
24 17 91
24 18 53
24 19 74
24 20 93
24 21 52
24 22 75
24 23 10
25 0 45
25 1 51
25 2 84
25 3 68
25 4 25
25 5 13
25 6 61
25 7 20
25 8 20
25 9 51
25 10 89
25 11 22
25 12 49
25 13 49
25 14 71
25 15 99
25 16 78
25 17 50
25 18 54
25 19 66
25 20 60
25 21 83
25 22 63
25 23 3
25 24 30
26 0 18
26 1 28
26 2 76
26 3 57
26 4 10
26 5 64
26 6 32
26 7 13
26 8 33
26 9 88
26 10 67
26 11 0
26 12 94
26 13 10
26 14 89
26 15 54
26 16 91
26 17 13
26 18 5
26 19 79
26 20 31
26 21 4
26 22 85
26 23 39
26 24 25
26 25 22
27 0 45
27 1 74
27 2 46
27 3 55
27 4 44
27 5 74
27 6 13
27 7 99
27 8 86
27 9 23
27 10 79
27 11 35
27 12 69
27 13 57
27 14 43
27 15 86
27 16 12
27 17 10
27 18 58
27 19 63
27 20 87
27 21 2
27 22 48
27 23 43
27 24 39
27 25 37
27 26 83
28 0 96
28 1 90
28 2 78
28 3 47
28 4 98
28 5 9
28 6 58
28 7 52
28 8 93
28 9 16
28 10 56
28 11 33
28 12 27
28 13 89
28 14 69
28 15 16
28 16 84
28 17 61
28 18 84
28 19 9
28 20 41
28 21 61
28 22 94
28 23 44
28 24 51
28 25 7
28 26 20
28 27 63
29 0 83
29 1 24
29 2 16
29 3 17
29 4 16
29 5 4
29 6 3
29 7 23
29 8 45
29 9 38
29 10 33
29 11 8
29 12 79
29 13 43
29 14 41
29 15 49
29 16 61
29 17 78
29 18 32
29 19 2
29 20 59
29 21 9
29 22 43
29 23 28
29 24 47
29 25 80
29 26 32
29 27 57
29 28 28
30 0 5
30 1 22
30 2 10
30 3 85
30 4 3
30 5 27
30 6 24
30 7 52
30 8 78
30 9 48
30 10 77
30 11 68
30 12 29
30 13 16
30 14 78
30 15 56
30 16 92
30 17 39
30 18 40
30 19 64
30 20 79
30 21 28
30 22 12
30 23 97
30 24 28
30 25 1
30 26 16
30 27 60
30 28 22
30 29 69
31 0 3
31 1 13
31 2 10
31 3 62
31 4 7
31 5 90
31 6 99
31 7 31
31 8 63
31 9 55
31 10 82
31 11 61
31 12 13
31 13 70
31 14 92
31 15 65
31 16 25
31 17 58
31 18 86
31 19 98
31 20 24
31 21 78
31 22 2
31 23 4
31 24 17
31 25 86
31 26 17
31 27 41
31 28 89
31 29 71
31 30 31
32 0 66
32 1 44
32 2 53
32 3 54
32 4 38
32 5 53
32 6 7
32 7 76
32 8 99
32 9 74
32 10 17
32 11 98
32 12 15
32 13 7
32 14 22
32 15 64
32 16 42
32 17 78
32 18 94
32 19 57
32 20 25
32 21 93
32 22 98
32 23 10
32 24 2
32 25 7
32 26 45
32 27 68
32 28 84
32 29 63
32 30 86
32 31 74
33 0 80
33 1 79
33 2 19
33 3 34
33 4 25
33 5 84
33 6 96
33 7 22
33 8 96
33 9 11
33 10 65
33 11 32
33 12 46
33 13 26
33 14 71
33 15 52
33 16 0
33 17 31
33 18 50
33 19 13
33 20 26
33 21 97
33 22 84
33 23 23
33 24 61
33 25 44
33 26 39
33 27 88
33 28 43
33 29 88
33 30 44
33 31 93
33 32 65
34 0 49
34 1 19
34 2 92
34 3 27
34 4 56
34 5 99
34 6 67
34 7 88
34 8 12
34 9 86
34 10 56
34 11 11
34 12 63
34 13 58
34 14 5
34 15 2
34 16 57
34 17 19
34 18 31
34 19 73
34 20 30
34 21 90
34 22 36
34 23 34
34 24 37
34 25 14
34 26 53
34 27 95
34 28 94
34 29 54
34 30 85
34 31 3
34 32 72
34 33 43
35 0 24
35 1 61
35 2 61
35 3 74
35 4 10
35 5 79
35 6 81
35 7 72
35 8 68
35 9 79
35 10 7
35 11 76
35 12 97
35 13 56
35 14 57
35 15 52
35 16 84
35 17 2
35 18 62
35 19 27
35 20 71
35 21 37
35 22 40
35 23 52
35 24 83
35 25 79
35 26 74
35 27 60
35 28 12
35 29 48
35 30 95
35 31 25
35 32 13
35 33 60
35 34 55
36 0 76
36 1 89
36 2 64
36 3 2
36 4 97
36 5 88
36 6 42
36 7 31
36 8 40
36 9 55
36 10 88
36 11 22
36 12 40
36 13 80
36 14 28
36 15 77
36 16 36
36 17 50
36 18 19
36 19 78
36 20 65
36 21 46
36 22 22
36 23 89
36 24 26
36 25 22
36 26 15
36 27 79
36 28 37
36 29 86
36 30 4
36 31 21
36 32 39
36 33 60
36 34 20
36 35 80
37 0 9
37 1 62
37 2 50
37 3 11
37 4 93
37 5 92
37 6 23
37 7 32
37 8 16
37 9 36
37 10 87
37 11 51
37 12 4
37 13 92
37 14 58
37 15 96
37 16 97
37 17 82
37 18 88
37 19 88
37 20 52
37 21 11
37 22 71
37 23 3
37 24 8
37 25 97
37 26 77
37 27 52
37 28 7
37 29 12
37 30 8
37 31 96
37 32 58
37 33 11
37 34 75
37 35 63
37 36 27
38 0 79
38 1 6
38 2 74
38 3 88
38 4 70
38 5 4
38 6 48
38 7 90
38 8 40
38 9 84
38 10 37
38 11 65
38 12 56
38 13 53
38 14 70
38 15 12
38 16 0
38 17 71
38 18 98
38 19 61
38 20 37
38 21 48
38 22 62
38 23 71
38 24 1
38 25 10
38 26 3
38 27 42
38 28 89
38 29 95
38 30 12
38 31 39
38 32 39
38 33 38
38 34 85
38 35 87
38 36 28
38 37 92
39 0 40
39 1 87
39 2 5
39 3 23
39 4 40
39 5 15
39 6 35
39 7 3
39 8 57
39 9 18
39 10 40
39 11 7
39 12 99
39 13 81
39 14 65
39 15 72
39 16 17
39 17 43
39 18 13
39 19 89
39 20 32
39 21 77
39 22 76
39 23 10
39 24 79
39 25 1
39 26 58
39 27 44
39 28 21
39 29 50
39 30 22
39 31 60
39 32 54
39 33 98
39 34 42
39 35 67
39 36 66
39 37 9
39 38 88
40 0 58
40 1 2
40 2 6
40 3 42
40 4 84
40 5 30
40 6 8
40 7 64
40 8 28
40 9 0
40 10 48
40 11 48
40 12 69
40 13 36
40 14 1
40 15 88
40 16 75
40 17 2
40 18 67
40 19 34
40 20 63
40 21 50
40 22 24
40 23 4
40 24 65
40 25 46
40 26 50
40 27 50
40 28 75
40 29 46
40 30 39
40 31 15
40 32 24
40 33 10
40 34 51
40 35 30
40 36 25
40 37 10
40 38 52
40 39 30
41 0 67
41 1 91
41 2 45
41 3 33
41 4 47
41 5 44
41 6 90
41 7 21
41 8 62
41 9 70
41 10 95
41 11 41
41 12 59
41 13 74
41 14 92
41 15 61
41 16 76
41 17 98
41 18 20
41 19 91
41 20 91
41 21 58
41 22 54
41 23 98
41 24 63
41 25 98
41 26 7
41 27 24
41 28 99
41 29 83
41 30 34
41 31 72
41 32 98
41 33 77
41 34 71
41 35 55
41 36 24
41 37 59
41 38 10
41 39 11
41 40 50
42 0 95
42 1 97
42 2 19
42 3 66
42 4 68
42 5 31
42 6 37
42 7 67
42 8 38
42 9 98
42 10 45
42 11 88
42 12 29
42 13 29
42 14 74
42 15 97
42 16 69
42 17 66
42 18 43
42 19 70
42 20 74
42 21 56
42 22 52
42 23 90
42 24 87
42 25 11
42 26 26
42 27 65
42 28 61
42 29 87
42 30 25
42 31 36
42 32 0
42 33 19
42 34 98
42 35 49
42 36 53
42 37 89
42 38 74
42 39 36
42 40 87
42 41 64
43 0 78
43 1 44
43 2 54
43 3 43
43 4 45
43 5 30
43 6 19
43 7 50
43 8 36
43 9 76
43 10 73
43 11 88
43 12 38
43 13 6
43 14 55
43 15 93
43 16 67
43 17 85
43 18 50
43 19 9
43 20 77
43 21 66
43 22 34
43 23 40
43 24 34
43 25 96
43 26 89
43 27 88
43 28 88
43 29 47
43 30 33
43 31 97
43 32 41
43 33 37
43 34 54
43 35 94
43 36 94
43 37 97
43 38 61
43 39 26
43 40 32
43 41 35
43 42 38
44 0 86
44 1 90
44 2 54
44 3 97
44 4 7
44 5 17
44 6 53
44 7 9
44 8 43
44 9 61
44 10 7
44 11 12
44 12 95
44 13 77
44 14 34
44 15 91
44 16 54
44 17 60
44 18 1
44 19 28
44 20 8
44 21 97
44 22 61
44 23 45
44 24 34
44 25 46
44 26 37
44 27 81
44 28 37
44 29 27
44 30 65
44 31 29
44 32 35
44 33 67
44 34 73
44 35 28
44 36 49
44 37 74
44 38 29
44 39 87
44 40 87
44 41 24
44 42 24
44 43 86
45 0 29
45 1 68
45 2 65
45 3 78
45 4 72
45 5 58
45 6 25
45 7 5
45 8 98
45 9 68
45 10 81
45 11 39
45 12 25
45 13 39
45 14 97
45 15 16
45 16 75
45 17 86
45 18 45
45 19 64
45 20 15
45 21 58
45 22 35
45 23 91
45 24 92
45 25 51
45 26 21
45 27 18
45 28 42
45 29 48
45 30 98
45 31 29
45 32 75
45 33 52
45 34 34
45 35 36
45 36 64
45 37 84
45 38 92
45 39 33
45 40 35
45 41 6
45 42 96
45 43 73
45 44 30
46 0 28
46 1 52
46 2 56
46 3 60
46 4 68
46 5 86
46 6 98
46 7 91
46 8 42
46 9 75
46 10 20
46 11 80
46 12 66
46 13 70
46 14 52
46 15 9
46 16 67
46 17 62
46 18 54
46 19 48
46 20 19
46 21 20
46 22 16
46 23 93
46 24 39
46 25 65
46 26 83
46 27 68
46 28 95
46 29 41
46 30 54
46 31 19
46 32 11
46 33 56
46 34 72
46 35 62
46 36 88
46 37 35
46 38 32
46 39 30
46 40 71
46 41 50
46 42 24
46 43 48
46 44 49
46 45 59
47 0 23
47 1 12
47 2 5
47 3 59
47 4 56
47 5 77
47 6 78
47 7 47
47 8 52
47 9 91
47 10 28
47 11 63
47 12 26
47 13 54
47 14 72
47 15 3
47 16 38
47 17 6
47 18 81
47 19 15
47 20 73
47 21 32
47 22 94
47 23 4
47 24 43
47 25 44
47 26 78
47 27 16
47 28 92
47 29 66
47 30 81
47 31 45
47 32 34
47 33 45
47 34 42
47 35 34
47 36 75
47 37 56
47 38 40
47 39 27
47 40 3
47 41 16
47 42 70
47 43 57
47 44 58
47 45 19
47 46 79
48 0 75
48 1 27
48 2 10
48 3 1
48 4 90
48 5 78
48 6 71
48 7 70
48 8 23
48 9 41
48 10 55
48 11 7
48 12 35
48 13 36
48 14 8
48 15 57
48 16 19
48 17 68
48 18 45
48 19 3
48 20 42
48 21 87
48 22 13
48 23 45
48 24 25
48 25 26
48 26 27
48 27 49
48 28 85
48 29 41
48 30 35
48 31 32
48 32 16
48 33 97
48 34 37
48 35 10
48 36 14
48 37 26
48 38 15
48 39 66
48 40 12
48 41 50
48 42 87
48 43 76
48 44 8
48 45 41
48 46 49
48 47 65
49 0 88
49 1 31
49 2 94
49 3 70
49 4 87
49 5 23
49 6 19
49 7 97
49 8 46
49 9 64
49 10 92
49 11 86
49 12 95
49 13 83
49 14 33
49 15 21
49 16 59
49 17 47
49 18 94
49 19 44
49 20 52
49 21 98
49 22 49
49 23 59
49 24 92
49 25 15
49 26 83
49 27 55
49 28 26
49 29 57
49 30 82
49 31 5
49 32 85
49 33 7
49 34 33
49 35 22
49 36 83
49 37 4
49 38 9
49 39 33
49 40 55
49 41 69
49 42 14
49 43 29
49 44 17
49 45 28
49 46 30
49 47 38
49 48 23